-3912.468018 -166.934875 
3 
1 1 -9507.000000 -93.000000 100.000000 100.000000 0.000000 
1 1 -9410.000000 -93.000000 100.000000 100.000000 0.000000 
1 1 -9313.000000 -93.000000 100.000000 100.000000 0.000000 
1 1 -9216.000000 -93.000000 100.000000 100.000000 0.000000 
1 1 -9119.000000 -93.000000 100.000000 100.000000 0.000000 
1 1 -9022.000000 -93.000000 100.000000 100.000000 0.000000 
1 1 -8925.000000 -93.000000 100.000000 100.000000 0.000000 
1 1 -8828.000000 -93.000000 100.000000 100.000000 0.000000 
1 1 -8731.000000 -93.000000 100.000000 100.000000 0.000000 
1 1 -8634.000000 -93.000000 100.000000 100.000000 0.000000 
1 1 -8537.000000 -93.000000 100.000000 100.000000 0.000000 
1 1 -8440.000000 -93.000000 100.000000 100.000000 0.000000 
1 1 -8343.000000 -93.000000 100.000000 100.000000 0.000000 
1 1 -8246.000000 -93.000000 100.000000 100.000000 0.000000 
1 1 -8149.000000 -93.000000 100.000000 100.000000 0.000000 
1 1 -8052.000000 -93.000000 100.000000 100.000000 0.000000 
1 1 -7955.000000 -93.000000 100.000000 100.000000 0.000000 
1 1 -7858.000000 -93.000000 100.000000 100.000000 0.000000 
1 1 -7761.000000 -93.000000 100.000000 100.000000 0.000000 
1 1 -7664.000000 -93.000000 100.000000 100.000000 0.000000 
1 1 -7567.000000 -93.000000 100.000000 100.000000 0.000000 
1 1 -7470.000000 -93.000000 100.000000 100.000000 0.000000 
1 1 -7373.000000 -93.000000 100.000000 100.000000 0.000000 
1 1 -7276.000000 -93.000000 100.000000 100.000000 0.000000 
1 1 -7179.000000 -93.000000 100.000000 100.000000 0.000000 
1 1 -7082.000000 -93.000000 100.000000 100.000000 0.000000 
1 1 -6985.000000 -93.000000 100.000000 100.000000 0.000000 
1 1 -6888.000000 -93.000000 100.000000 100.000000 0.000000 
1 1 -6791.000000 -93.000000 100.000000 100.000000 0.000000 
1 1 -6694.000000 -93.000000 100.000000 100.000000 0.000000 
1 1 -6597.000000 -93.000000 100.000000 100.000000 0.000000 
1 1 -6500.000000 -93.000000 100.000000 100.000000 0.000000 
1 1 -6403.000000 -93.000000 100.000000 100.000000 0.000000 
1 1 -6306.000000 -93.000000 100.000000 100.000000 0.000000 
1 1 -6209.000000 -93.000000 100.000000 100.000000 0.000000 
1 1 -6112.000000 -93.000000 100.000000 100.000000 0.000000 
1 1 -6015.000000 -93.000000 100.000000 100.000000 0.000000 
1 1 -5918.000000 -93.000000 100.000000 100.000000 0.000000 
1 1 -5821.000000 -93.000000 100.000000 100.000000 0.000000 
1 1 -5724.000000 -93.000000 100.000000 100.000000 0.000000 
1 1 -5627.000000 -93.000000 100.000000 100.000000 0.000000 
1 1 -5530.000000 -93.000000 100.000000 100.000000 0.000000 
1 1 -5433.000000 -93.000000 100.000000 100.000000 0.000000 
1 1 -5336.000000 -93.000000 100.000000 100.000000 0.000000 
1 1 -5239.000000 -93.000000 100.000000 100.000000 0.000000 
1 1 -5142.000000 -93.000000 100.000000 100.000000 0.000000 
1 1 -5045.000000 -93.000000 100.000000 100.000000 0.000000 
1 1 -4948.000000 -93.000000 100.000000 100.000000 0.000000 
1 1 -4754.000000 -93.000000 100.000000 100.000000 0.000000 
1 1 -4657.000000 -93.000000 100.000000 100.000000 0.000000 
1 1 -4560.000000 -93.000000 100.000000 100.000000 0.000000 
1 1 -4463.000000 -93.000000 100.000000 100.000000 0.000000 
1 1 -4366.000000 -93.000000 100.000000 100.000000 0.000000 
1 1 -4269.000000 -93.000000 100.000000 100.000000 0.000000 
1 1 -4172.000000 -93.000000 100.000000 100.000000 0.000000 
1 1 -4075.000000 -93.000000 100.000000 100.000000 0.000000 
1 1 -3978.000000 -93.000000 100.000000 100.000000 0.000000 
1 1 -2717.000000 -93.000000 100.000000 100.000000 0.000000 
1 1 -2620.000000 -93.000000 100.000000 100.000000 0.000000 
1 1 -2523.000000 -93.000000 100.000000 100.000000 0.000000 
1 1 -2426.000000 -93.000000 100.000000 100.000000 0.000000 
1 1 -2329.000000 -93.000000 100.000000 100.000000 0.000000 
1 1 -2038.000000 -93.000000 100.000000 100.000000 0.000000 
1 1 -1941.000000 -93.000000 100.000000 100.000000 0.000000 
1 1 -1844.000000 -93.000000 100.000000 100.000000 0.000000 
1 1 -1747.000000 -93.000000 100.000000 100.000000 0.000000 
1 1 -1650.000000 -93.000000 100.000000 100.000000 0.000000 
1 1 -1553.000000 -93.000000 100.000000 100.000000 0.000000 
1 1 -1456.000000 -93.000000 100.000000 100.000000 0.000000 
1 1 -1359.000000 -93.000000 100.000000 100.000000 0.000000 
1 1 -1068.000000 -93.000000 100.000000 100.000000 0.000000 
1 1 -583.000000 -93.000000 100.000000 100.000000 0.000000 
1 1 -389.000000 -93.000000 100.000000 100.000000 0.000000 
1 1 -292.000000 -93.000000 100.000000 100.000000 0.000000 
1 1 -195.000000 -93.000000 100.000000 100.000000 0.000000 
1 1 -98.000000 -93.000000 100.000000 100.000000 0.000000 
1 1 -1.000000 -93.000000 100.000000 100.000000 0.000000 
1 1 96.000000 -93.000000 100.000000 100.000000 0.000000 
1 1 290.000000 -93.000000 100.000000 100.000000 0.000000 
1 1 387.000000 -93.000000 100.000000 100.000000 0.000000 
1 1 484.000000 -93.000000 100.000000 100.000000 0.000000 
1 1 581.000000 -93.000000 100.000000 100.000000 0.000000 
1 1 678.000000 -93.000000 100.000000 100.000000 0.000000 
1 1 775.000000 -93.000000 100.000000 100.000000 0.000000 
1 1 872.000000 -93.000000 100.000000 100.000000 0.000000 
1 1 969.000000 -93.000000 100.000000 100.000000 0.000000 
1 1 1066.000000 -93.000000 100.000000 100.000000 0.000000 
1 1 1163.000000 -93.000000 100.000000 100.000000 0.000000 
1 1 1260.000000 -93.000000 100.000000 100.000000 0.000000 
1 1 1357.000000 -93.000000 100.000000 100.000000 0.000000 
1 1 1454.000000 -93.000000 100.000000 100.000000 0.000000 
1 1 1551.000000 -93.000000 100.000000 100.000000 0.000000 
1 1 1648.000000 -93.000000 100.000000 100.000000 0.000000 
1 1 1745.000000 -93.000000 100.000000 100.000000 0.000000 
1 1 1842.000000 -93.000000 100.000000 100.000000 0.000000 
1 1 1939.000000 -93.000000 100.000000 100.000000 0.000000 
1 1 2036.000000 -93.000000 100.000000 100.000000 0.000000 
1 1 2133.000000 -93.000000 100.000000 100.000000 0.000000 
1 1 2230.000000 -93.000000 100.000000 100.000000 0.000000 
1 1 2327.000000 -93.000000 100.000000 100.000000 0.000000 
1 1 2424.000000 -93.000000 100.000000 100.000000 0.000000 
1 1 2521.000000 -93.000000 100.000000 100.000000 0.000000 
1 1 2618.000000 -93.000000 100.000000 100.000000 0.000000 
1 1 2715.000000 -93.000000 100.000000 100.000000 0.000000 
1 1 2812.000000 -93.000000 100.000000 100.000000 0.000000 
1 1 2909.000000 -93.000000 100.000000 100.000000 0.000000 
1 1 3006.000000 -93.000000 100.000000 100.000000 0.000000 
1 1 3103.000000 -93.000000 100.000000 100.000000 0.000000 
1 1 3200.000000 -93.000000 100.000000 100.000000 0.000000 
1 1 3297.000000 -93.000000 100.000000 100.000000 0.000000 
1 1 3394.000000 -93.000000 100.000000 100.000000 0.000000 
1 1 3491.000000 -93.000000 100.000000 100.000000 0.000000 
1 1 3588.000000 -93.000000 100.000000 100.000000 0.000000 
1 1 3685.000000 -93.000000 100.000000 100.000000 0.000000 
1 1 3782.000000 -93.000000 100.000000 100.000000 0.000000 
1 1 3879.000000 -93.000000 100.000000 100.000000 0.000000 
1 1 3976.000000 -93.000000 100.000000 100.000000 0.000000 
1 1 4073.000000 -93.000000 100.000000 100.000000 0.000000 
1 1 4170.000000 -93.000000 100.000000 100.000000 0.000000 
1 1 4267.000000 -93.000000 100.000000 100.000000 0.000000 
1 1 4364.000000 -93.000000 100.000000 100.000000 0.000000 
1 1 4461.000000 -93.000000 100.000000 100.000000 0.000000 
1 1 4558.000000 -93.000000 100.000000 100.000000 0.000000 
1 1 4655.000000 -93.000000 100.000000 100.000000 0.000000 
1 1 4752.000000 -93.000000 100.000000 100.000000 0.000000 
1 1 4849.000000 -93.000000 100.000000 100.000000 0.000000 
1 1 4946.000000 -93.000000 100.000000 100.000000 0.000000 
1 1 5043.000000 -93.000000 100.000000 100.000000 0.000000 
1 1 5140.000000 -93.000000 100.000000 100.000000 0.000000 
1 1 5237.000000 -93.000000 100.000000 100.000000 0.000000 
1 1 5334.000000 -93.000000 100.000000 100.000000 0.000000 
1 1 5431.000000 -93.000000 100.000000 100.000000 0.000000 
1 1 5528.000000 -93.000000 100.000000 100.000000 0.000000 
1 1 5625.000000 -93.000000 100.000000 100.000000 0.000000 
1 1 5722.000000 -93.000000 100.000000 100.000000 0.000000 
1 1 5819.000000 -93.000000 100.000000 100.000000 0.000000 
1 1 5916.000000 -93.000000 100.000000 100.000000 0.000000 
1 1 6013.000000 -93.000000 100.000000 100.000000 0.000000 
1 1 6110.000000 -93.000000 100.000000 100.000000 0.000000 
1 1 6207.000000 -93.000000 100.000000 100.000000 0.000000 
1 1 6304.000000 -93.000000 100.000000 100.000000 0.000000 
1 1 6401.000000 -93.000000 100.000000 100.000000 0.000000 
1 1 6498.000000 -93.000000 100.000000 100.000000 0.000000 
1 1 6595.000000 -93.000000 100.000000 100.000000 0.000000 
1 1 6692.000000 -93.000000 100.000000 100.000000 0.000000 
1 1 6789.000000 -93.000000 100.000000 100.000000 0.000000 
1 1 6886.000000 -93.000000 100.000000 100.000000 0.000000 
1 1 6983.000000 -93.000000 100.000000 100.000000 0.000000 
1 1 7080.000000 -93.000000 100.000000 100.000000 0.000000 
1 1 7177.000000 -93.000000 100.000000 100.000000 0.000000 
1 1 7274.000000 -93.000000 100.000000 100.000000 0.000000 
1 1 7371.000000 -93.000000 100.000000 100.000000 0.000000 
1 1 7468.000000 -93.000000 100.000000 100.000000 0.000000 
1 1 7565.000000 -93.000000 100.000000 100.000000 0.000000 
1 1 7662.000000 -93.000000 100.000000 100.000000 0.000000 
1 1 7759.000000 -93.000000 100.000000 100.000000 0.000000 
1 1 7856.000000 -93.000000 100.000000 100.000000 0.000000 
1 1 7953.000000 -93.000000 100.000000 100.000000 0.000000 
1 1 8050.000000 -93.000000 100.000000 100.000000 0.000000 
1 1 8147.000000 -93.000000 100.000000 100.000000 0.000000 
1 1 8244.000000 -93.000000 100.000000 100.000000 0.000000 
1 1 8341.000000 -93.000000 100.000000 100.000000 0.000000 
1 1 8438.000000 -93.000000 100.000000 100.000000 0.000000 
1 1 8535.000000 -93.000000 100.000000 100.000000 0.000000 
1 1 8632.000000 -93.000000 100.000000 100.000000 0.000000 
1 1 8729.000000 -93.000000 100.000000 100.000000 0.000000 
1 1 8826.000000 -93.000000 100.000000 100.000000 0.000000 
1 1 8923.000000 -93.000000 100.000000 100.000000 0.000000 
1 1 9020.000000 -93.000000 100.000000 100.000000 0.000000 
1 1 9117.000000 -93.000000 100.000000 100.000000 0.000000 
1 1 9214.000000 -93.000000 100.000000 100.000000 0.000000 
1 1 9311.000000 -93.000000 100.000000 100.000000 0.000000 
1 1 9408.000000 -93.000000 100.000000 100.000000 0.000000 
1 1 9505.000000 -93.000000 100.000000 100.000000 0.000000 
1 1 9602.000000 -93.000000 100.000000 100.000000 0.000000 
1 1 9699.000000 -93.000000 100.000000 100.000000 0.000000 
1 1 -486.000000 -93.000000 100.000000 100.000000 0.000000 
4 1 -654.039856 3.123878 99.000000 99.000000 0.000000 
4 1 -703.026123 1.000000 102.000000 102.000000 0.000000 
1 1 -874.000000 -93.000000 100.000000 100.000000 0.000000 
1 1 -778.101013 -94.000000 100.000000 100.000000 0.000000 
1 1 -680.101013 -92.000000 100.000000 100.000000 0.000000 
1 1 -678.101013 5.000000 100.000000 100.000000 0.000000 
2 1 -776.101013 2.000000 100.000000 100.000000 90.000000 
2 1 -676.707642 102.000000 100.000000 100.000000 90.000000 
1 1 -1069.000000 -288.000000 100.000000 100.000000 0.000000 
1 1 -971.000000 -93.000000 100.000000 100.000000 0.000000 
1 1 -970.241394 -189.000000 100.000000 100.000000 0.000000 
1 1 -974.241394 -285.000000 100.000000 100.000000 0.000000 
1 1 -1262.000000 -91.000000 100.000000 100.000000 0.000000 
1 1 -1165.241455 -93.000000 100.000000 100.000000 0.000000 
1 1 -1164.241455 -287.000000 100.000000 100.000000 0.000000 
1 1 -1260.241455 -288.000000 100.000000 100.000000 0.000000 
5 3 -1066.241455 -197.000000 50.000000 50.000000 30.000000 
1 1 -1355.241455 -287.000000 100.000000 100.000000 0.000000 
1 1 -1451.241455 -285.000000 100.000000 100.000000 0.000000 
1 1 -1547.241455 -285.000000 100.000000 100.000000 0.000000 
1 1 -1642.241455 -285.000000 100.000000 100.000000 0.000000 
1 1 -1738.241455 -285.000000 100.000000 100.000000 0.000000 
1 1 -1833.241455 -285.000000 100.000000 100.000000 0.000000 
1 1 -1927.241455 -285.000000 100.000000 100.000000 0.000000 
1 1 -2024.241455 -285.000000 100.000000 100.000000 0.000000 
1 1 -2121.241455 -284.000000 100.000000 100.000000 0.000000 
1 1 -2216.241455 -285.000000 100.000000 100.000000 0.000000 
1 1 -2313.000000 -284.000000 100.000000 100.000000 0.000000 
4 1 -2239.241455 -141.000000 198.000000 198.000000 0.000000 
1 1 -2814.000000 -110.000000 100.000000 100.000000 0.000000 
1 1 -2911.000000 -120.000000 100.000000 100.000000 0.000000 
1 1 -3007.000000 -135.000000 100.000000 100.000000 0.000000 
2 1 -3677.380127 -237.000000 100.000000 100.000000 0.000000 
1 1 -3390.000000 -331.000000 100.000000 100.000000 0.000000 
1 1 -3485.000000 -331.000000 100.000000 100.000000 0.000000 
1 1 -3581.000000 -332.000000 100.000000 100.000000 0.000000 
1 1 -3677.984375 -331.000000 100.000000 100.000000 0.000000 
1 1 -3779.984375 -243.000000 115.000000 115.000000 0.000000 
1 1 -3099.984375 -231.000000 100.000000 100.000000 0.000000 
1 1 -3195.984375 -329.000000 100.000000 100.000000 0.000000 
1 1 -3099.984375 -328.000000 100.000000 100.000000 0.000000 
1 1 -3779.984375 -351.000000 113.000000 113.000000 0.000000 
4 1 -3429.250977 122.000000 100.000000 100.000000 90.000000 
2 1 -3781.380127 -134.000000 116.000000 116.000000 0.000000 
2 1 -4759.317871 11.000000 116.000000 116.000000 0.000000 
1 1 -4851.000000 -93.000000 100.000000 100.000000 0.000000 
2 1 -4981.317871 122.000000 116.000000 116.000000 0.000000 
1 1 -4869.604492 11.000000 115.000000 115.000000 0.000000 
1 1 -5093.604492 233.000000 115.000000 115.000000 0.000000 
2 1 -5205.604492 342.000000 116.000000 116.000000 0.000000 
5 3 -3420.986572 190.000000 50.000000 50.000000 30.000000 
1 1 -481.026733 8.000000 110.000000 110.000000 0.000000 
5 3 179.379333 57.000000 50.000000 50.000000 30.000000 
1 1 -3330.000000 145.000000 100.000000 100.000000 0.000000 
1 1 -3527.250977 147.000000 100.000000 100.000000 0.000000 
1 1 -3293.000000 -330.000000 100.000000 100.000000 0.000000 
2 1 -3102.000000 -136.000000 100.000000 100.000000 90.000000 
1 1 -3882.000000 -92.000000 100.000000 100.000000 0.000000 
2 1 -3786.000000 4.000000 100.000000 100.000000 90.000000 
2 1 -5293.442871 1011.359985 116.000000 116.000000 0.000000 
2 1 -5404.802734 1122.719971 116.000000 116.000000 0.000000 
2 1 -5516.162598 1234.079956 116.000000 116.000000 0.000000 
2 1 -5627.522461 1345.439941 116.000000 116.000000 0.000000 
2 1 -5738.882324 1456.799927 116.000000 116.000000 0.000000 
2 1 -5850.242188 1568.159912 116.000000 116.000000 0.000000 
2 1 -5961.602051 1679.519897 116.000000 116.000000 0.000000 
2 1 -6072.961914 1790.879883 116.000000 116.000000 0.000000 
2 1 -6184.321777 1902.239868 116.000000 116.000000 0.000000 
2 1 -6295.681641 2013.599854 116.000000 116.000000 0.000000 
2 1 -6407.041504 2124.959961 116.000000 116.000000 0.000000 
2 1 -6518.401367 2236.320068 116.000000 116.000000 0.000000 
2 1 -6629.761230 2347.680176 116.000000 116.000000 0.000000 
2 1 -6741.121094 2459.040283 116.000000 116.000000 0.000000 
2 1 -6852.480957 2570.400391 116.000000 116.000000 0.000000 
2 1 -6963.840820 2681.760498 116.000000 116.000000 0.000000 
2 1 -7075.200684 2793.120605 116.000000 116.000000 0.000000 
2 1 -7186.560547 2904.480713 116.000000 116.000000 0.000000 
2 1 -7297.920410 3015.840820 116.000000 116.000000 0.000000 
2 1 -7409.280273 3127.200928 116.000000 116.000000 0.000000 
2 1 -7520.640137 3238.561035 116.000000 116.000000 0.000000 
2 1 -7632.000000 3349.921143 116.000000 116.000000 0.000000 
2 1 -7743.359863 3461.281250 116.000000 116.000000 0.000000 
2 1 -7854.719727 3572.641357 116.000000 116.000000 0.000000 
2 1 -7966.079590 3684.001465 116.000000 116.000000 0.000000 
2 1 -8077.439453 3795.361572 116.000000 116.000000 0.000000 
2 1 -8188.799316 3906.721680 116.000000 116.000000 0.000000 
2 1 -8300.159180 4018.081787 116.000000 116.000000 0.000000 
2 1 -8411.519531 4129.441895 116.000000 116.000000 0.000000 
2 1 -8522.879883 4240.801758 116.000000 116.000000 0.000000 
2 1 -8634.240234 4352.161621 116.000000 116.000000 0.000000 
2 1 -8745.600586 4463.521484 116.000000 116.000000 0.000000 
2 1 -8856.960938 4574.881348 116.000000 116.000000 0.000000 
2 1 -8968.321289 4686.241211 116.000000 116.000000 0.000000 
2 1 -9079.681641 4797.601074 116.000000 116.000000 0.000000 
2 1 -9191.041992 4908.960938 116.000000 116.000000 0.000000 
2 1 -9302.402344 5020.320801 116.000000 116.000000 0.000000 
2 1 -9413.762695 5131.680664 116.000000 116.000000 0.000000 
2 1 -9525.123047 5243.040527 116.000000 116.000000 0.000000 
2 1 -9636.483398 5354.400391 116.000000 116.000000 0.000000 
2 1 -9747.843750 5465.760254 116.000000 116.000000 0.000000 
2 1 -9859.204102 5577.120117 116.000000 116.000000 0.000000 
2 1 -9970.564453 5688.479980 116.000000 116.000000 0.000000 
2 1 -10081.924805 5799.839844 116.000000 116.000000 0.000000 
2 1 -10193.285156 5911.199707 116.000000 116.000000 0.000000 
2 1 -10304.645508 6022.559570 116.000000 116.000000 0.000000 
2 1 -10416.005859 6133.919434 116.000000 116.000000 0.000000 
2 0 -10638.726563 6356.639160 116.000000 116.000000 0.000000 
2 1 -10527.366211 6245.279297 116.000000 116.000000 0.000000 
5 2 -10546.378906 6376.000000 121.000000 121.000000 0.000000 
5 2 -4129.966309 92.000000 121.000000 121.000000 0.000000 
2 1 -4177.204102 -101.879944 116.000000 116.000000 0.000000 
2 1 -4065.843994 -213.239944 116.000000 116.000000 0.000000 
2 1 -3954.483887 -324.599945 116.000000 116.000000 0.000000 
2 1 -5238.083008 716.000000 116.000000 116.000000 0.000000 
2 1 -5309.723145 601.640015 116.000000 116.000000 0.000000 
2 1 -5265.003418 555.920044 116.000000 116.000000 0.000000 
2 1 -5176.643555 320.560059 116.000000 116.000000 0.000000 
2 1 -5218.363281 424.280029 116.000000 116.000000 0.000000 
2 1 -5123.283691 62.200058 116.000000 116.000000 0.000000 
2 1 -5024.923828 25.840057 116.000000 116.000000 0.000000 
2 1 -5182.083008 900.000000 116.000000 116.000000 0.000000 
2 1 -5070.723145 788.640015 116.000000 116.000000 0.000000 
2 1 -4959.363281 677.280029 116.000000 116.000000 0.000000 
2 1 -4848.003418 565.920044 116.000000 116.000000 0.000000 
2 1 -4736.643555 454.560059 116.000000 116.000000 0.000000 
2 1 -4625.283691 343.200073 116.000000 116.000000 0.000000 
2 1 -4513.923828 231.840073 116.000000 116.000000 0.000000 
2 1 -4402.563965 120.480072 116.000000 116.000000 0.000000 
2 1 -4179.844238 -102.239929 116.000000 116.000000 0.000000 
2 1 -4278.204102 -138.879929 116.000000 116.000000 0.000000 
2 1 -4494.563965 -137.519943 116.000000 116.000000 0.000000 
2 1 -3195.722656 -230.000000 100.000000 100.000000 90.000000 
2 1 -3471.428711 -234.000000 100.000000 100.000000 90.000000 
0 0 -3188.050049 -100.000000 100.000000 100.000000 0.000000 
