436.458649 3.165040 
1 
1 1 -101.000000 -135.000000 100.000000 100.000000 0.000000 
1 1 -5.000000 -135.000000 100.000000 100.000000 0.000000 
1 1 91.000000 -135.000000 100.000000 100.000000 0.000000 
1 1 187.000000 -135.000000 100.000000 100.000000 0.000000 
1 1 379.000000 -135.000000 100.000000 100.000000 0.000000 
1 1 475.000000 -135.000000 100.000000 100.000000 0.000000 
1 1 187.000000 -39.000000 100.000000 100.000000 0.000000 
1 1 -198.000000 -133.000000 100.000000 100.000000 0.000000 
1 1 -198.000000 -37.000000 100.000000 100.000000 0.000000 
1 1 -198.000000 59.000000 100.000000 100.000000 0.000000 
1 1 -198.000000 155.000000 100.000000 100.000000 0.000000 
1 1 -198.000000 251.000000 100.000000 100.000000 0.000000 
1 1 -198.000000 347.000000 100.000000 100.000000 0.000000 
1 1 113.000000 -61.000000 53.000000 53.000000 0.000000 
5 3 195.000000 86.000000 50.000000 50.000000 30.000000 
1 1 0.000000 181.000000 100.000000 100.000000 0.000000 
1 1 668.000000 -136.000000 100.000000 100.000000 0.000000 
1 1 764.000000 -136.000000 100.000000 100.000000 0.000000 
2 4 762.000000 58.000000 302.000000 302.000000 90.000000 
1 1 370.000000 62.000000 100.000000 100.000000 0.000000 
1 4 283.000000 -135.000000 100.000000 100.000000 0.000000 
1 1 860.000000 -136.000000 100.000000 100.000000 0.000000 
1 1 956.000000 -136.000000 100.000000 100.000000 0.000000 
1 1 956.000000 -40.000000 100.000000 100.000000 0.000000 
1 1 956.000000 56.000000 100.000000 100.000000 0.000000 
1 1 956.000000 152.000000 100.000000 100.000000 0.000000 
1 1 956.000000 248.000000 100.000000 100.000000 0.000000 
1 1 956.000000 344.000000 100.000000 100.000000 0.000000 
1 1 956.000000 440.000000 100.000000 100.000000 0.000000 
1 1 956.000000 632.000000 100.000000 100.000000 0.000000 
1 1 956.000000 728.000000 100.000000 100.000000 0.000000 
1 1 956.000000 824.000000 100.000000 100.000000 0.000000 
1 1 764.000000 824.000000 100.000000 100.000000 0.000000 
1 1 572.000000 824.000000 100.000000 100.000000 0.000000 
1 1 581.000000 449.000000 36.000000 36.000000 0.000000 
1 1 956.000000 536.000000 100.000000 100.000000 0.000000 
5 2 758.000000 446.000000 100.000000 100.000000 0.000000 
2 1 -104.000000 443.000000 99.000000 99.000000 0.000000 
1 1 -198.000000 443.000000 100.000000 100.000000 0.000000 
1 1 -198.000000 539.000000 100.000000 100.000000 0.000000 
1 1 -198.000000 635.000000 100.000000 100.000000 0.000000 
1 1 -198.000000 731.000000 100.000000 100.000000 0.000000 
1 1 -198.000000 827.000000 100.000000 100.000000 0.000000 
1 1 -198.000000 923.000000 100.000000 100.000000 0.000000 
1 1 -198.000000 1019.000000 100.000000 100.000000 0.000000 
1 1 -198.000000 1115.000000 100.000000 100.000000 0.000000 
1 1 -198.000000 1211.000000 100.000000 100.000000 0.000000 
5 3 375.000000 638.000000 50.000000 50.000000 30.000000 
1 1 20.000000 904.000000 35.000000 35.000000 0.000000 
1 1 -69.000000 799.000000 35.000000 35.000000 0.000000 
1 1 -14.000000 688.000000 35.000000 35.000000 0.000000 
1 1 -73.000000 604.000000 35.000000 35.000000 0.000000 
1 1 72.000000 598.000000 35.000000 35.000000 0.000000 
1 1 191.000000 607.000000 35.000000 35.000000 0.000000 
2 1 -5.000000 399.000000 175.000000 175.000000 225.000000 
1 1 759.000000 324.000000 100.000000 100.000000 0.000000 
1 1 558.000000 238.000000 94.000000 94.000000 0.000000 
5 3 3.000000 309.000000 50.000000 50.000000 30.000000 
2 1 328.000000 397.000000 175.000000 175.000000 225.000000 
2 1 163.000000 397.000000 175.000000 175.000000 225.000000 
5 3 -88.000000 504.000000 50.000000 50.000000 30.000000 
5 3 95.458618 760.165039 50.000000 50.000000 30.000000 
5 3 -68.541382 1052.165039 50.000000 50.000000 30.000000 
5 3 680.458618 589.165039 50.000000 50.000000 30.000000 
1 1 -102.000000 1211.000000 100.000000 100.000000 0.000000 
1 1 -6.000000 1211.000000 100.000000 100.000000 0.000000 
1 1 90.000000 1211.000000 100.000000 100.000000 0.000000 
1 1 186.000000 1211.000000 100.000000 100.000000 0.000000 
1 1 282.000000 1211.000000 100.000000 100.000000 0.000000 
1 1 378.000000 1211.000000 100.000000 100.000000 0.000000 
1 1 474.000000 1211.000000 100.000000 100.000000 0.000000 
1 1 570.000000 1211.000000 100.000000 100.000000 0.000000 
1 1 762.000000 1211.000000 100.000000 100.000000 0.000000 
1 1 858.000000 1211.000000 100.000000 100.000000 0.000000 
1 1 954.000000 1211.000000 100.000000 100.000000 0.000000 
1 1 954.000000 923.000000 104.000000 104.000000 0.000000 
1 1 954.000000 1019.000000 105.000000 105.000000 0.000000 
1 1 954.000000 1115.000000 107.000000 107.000000 0.000000 
1 1 112.000000 986.000000 35.000000 35.000000 0.000000 
1 1 227.458618 929.165039 35.000000 35.000000 0.000000 
1 1 380.000000 920.000000 100.000000 100.000000 0.000000 
1 1 380.000000 1016.000000 100.000000 100.000000 0.000000 
1 1 205.000000 800.000000 35.000000 35.000000 0.000000 
1 1 380.000000 824.000000 100.000000 100.000000 0.000000 
1 1 284.000000 824.000000 100.000000 100.000000 0.000000 
1 1 666.000000 1211.000000 100.000000 100.000000 0.000000 
1 1 666.000000 1115.000000 100.000000 100.000000 0.000000 
5 3 800.458618 1027.165039 50.000000 50.000000 0.000000 
1 1 572.000000 -136.000000 100.000000 100.000000 0.000000 
1 1 671.458618 -473.834961 100.000000 100.000000 0.000000 
0 0 1340.458618 -459.834961 100.000000 100.000000 0.000000 
