3223.484863 580.348816 
3 
5 1 129.000000 6661.000000 100.000000 100.000000 0.000000 
4 1 220.000000 6565.818359 100.000000 100.000000 0.000000 
4 1 220.000000 6469.818359 100.000000 100.000000 0.000000 
4 1 47.000000 6567.818359 100.000000 100.000000 0.000000 
4 1 257.737610 3592.924316 133.000000 133.000000 90.000000 
4 1 515.577637 3592.924316 133.000000 133.000000 90.000000 
4 1 645.417603 3592.924316 133.000000 133.000000 90.000000 
4 1 774.356812 3593.664063 133.000000 133.000000 90.000000 
4 1 -129.595795 3593.296875 133.000000 133.000000 90.000000 
4 1 128.811646 3593.297852 133.000000 133.000000 90.000000 
1 1 128.812195 3367.922607 133.000000 133.000000 90.000000 
1 1 516.812195 3495.602539 133.000000 133.000000 90.000000 
1 1 516.812195 3367.922607 133.000000 133.000000 90.000000 
1 1 516.812195 3240.242676 133.000000 133.000000 90.000000 
1 1 516.812195 3112.562744 133.000000 133.000000 90.000000 
1 1 -129.187805 3496.602539 133.000000 133.000000 90.000000 
1 1 -129.187805 3368.922607 133.000000 133.000000 90.000000 
1 1 -129.187805 3241.242676 133.000000 133.000000 90.000000 
1 1 -129.187805 3113.562744 133.000000 133.000000 90.000000 
1 1 128.812195 3112.562744 133.000000 133.000000 90.000000 
1 1 128.812195 2984.882813 133.000000 133.000000 90.000000 
1 1 128.812195 2857.202881 133.000000 133.000000 90.000000 
1 1 516.812195 2984.882813 133.000000 133.000000 90.000000 
1 3 386.578247 2856.664063 133.000000 133.000000 90.000000 
1 1 -129.187805 2985.882813 133.000000 133.000000 90.000000 
1 1 -256.713104 2981.547363 133.000000 133.000000 90.000000 
1 1 130.074402 3692.211914 133.000000 133.000000 90.000000 
1 1 130.074402 3821.211914 133.000000 133.000000 90.000000 
1 1 2.394402 3821.211914 133.000000 133.000000 90.000000 
1 1 -125.285599 3821.211914 133.000000 133.000000 90.000000 
1 1 -252.965607 3821.211914 133.000000 133.000000 90.000000 
1 1 -380.645599 3821.211914 133.000000 133.000000 90.000000 
1 1 -508.325592 3821.211914 133.000000 133.000000 90.000000 
1 3 0.578247 2855.664063 133.000000 133.000000 90.000000 
4 3 -257.241943 3340.171631 133.000000 133.000000 90.000000 
1 1 -636.005615 3821.211914 133.000000 133.000000 90.000000 
1 1 -763.685608 3821.211914 133.000000 133.000000 90.000000 
1 1 -891.365601 3821.211914 133.000000 133.000000 90.000000 
4 3 -770.905823 3341.169189 133.000000 133.000000 90.000000 
4 3 -642.905823 3341.169189 133.000000 133.000000 90.000000 
1 1 -515.713135 2981.547363 133.000000 133.000000 90.000000 
0 0 -384.905823 3341.169189 133.000000 133.000000 90.000000 
4 3 -513.905823 3341.169189 133.000000 133.000000 90.000000 
4 3 -386.796204 3340.739990 133.000000 133.000000 90.000000 
4 3 -893.905823 3342.169189 133.000000 133.000000 90.000000 
4 3 -1023.270630 3342.582520 133.000000 133.000000 90.000000 
4 3 -1152.270630 3343.582520 133.000000 133.000000 90.000000 
5 3 -1254.827148 3678.785400 50.000000 50.000000 30.000000 
1 1 -1019.045593 3821.211914 133.000000 133.000000 90.000000 
1 1 -1146.725586 3821.211914 133.000000 133.000000 90.000000 
1 1 -1402.085693 3693.531982 133.000000 133.000000 90.000000 
1 1 -1402.085693 3310.492188 133.000000 133.000000 90.000000 
1 1 -1402.085693 3438.172119 133.000000 133.000000 90.000000 
4 3 -1281.270630 3344.582520 133.000000 133.000000 90.000000 
4 0 -1258.825195 3564.167480 133.000000 133.000000 90.000000 
1 1 -1402.085693 4970.333008 133.000000 133.000000 90.000000 
1 1 -1402.085693 5098.013184 133.000000 133.000000 90.000000 
1 1 -1402.085693 5225.693359 133.000000 133.000000 90.000000 
1 1 -1402.085693 5353.373535 133.000000 133.000000 90.000000 
1 1 -1402.085693 5481.053711 133.000000 133.000000 90.000000 
1 1 -1402.085693 5608.733887 133.000000 133.000000 90.000000 
1 1 -1402.085693 5736.414063 133.000000 133.000000 90.000000 
1 1 -1402.085693 5864.094238 133.000000 133.000000 90.000000 
1 1 -1402.085693 5991.774414 133.000000 133.000000 90.000000 
1 1 -1402.085693 6119.454590 133.000000 133.000000 90.000000 
1 1 -1402.085693 6247.134766 133.000000 133.000000 90.000000 
1 0 976.645386 -41.680000 125.000000 125.000000 0.000000 
1 1 128.812195 3495.602539 133.000000 133.000000 90.000000 
1 1 256.492188 3495.602539 133.000000 133.000000 90.000000 
1 1 256.492188 3367.922607 133.000000 133.000000 90.000000 
1 1 256.492188 3240.242676 133.000000 133.000000 90.000000 
1 1 256.492188 3112.562744 133.000000 133.000000 90.000000 
1 1 256.492188 2984.882813 133.000000 133.000000 90.000000 
1 1 256.492188 2857.202881 133.000000 133.000000 90.000000 
1 1 -385.713104 2981.547363 133.000000 133.000000 90.000000 
1 1 -129.187805 2856.202881 133.000000 133.000000 90.000000 
1 3 -407.796204 3560.739990 179.000000 179.000000 90.000000 
2 3 -498.827209 3569.785400 281.000000 281.000000 -45.000000 
2 3 -490.922363 2658.660645 148.000000 148.000000 225.000000 
5 3 -282.934753 3174.109131 50.000000 50.000000 30.000000 
1 1 515.812195 2857.202881 133.000000 133.000000 90.000000 
1 1 643.492188 2857.202881 133.000000 133.000000 90.000000 
1 1 643.492188 2729.522949 133.000000 133.000000 90.000000 
4 1 514.120117 2572.287598 133.000000 133.000000 90.000000 
4 1 386.120148 2572.287598 133.000000 133.000000 90.000000 
4 1 257.120148 2572.287598 133.000000 133.000000 90.000000 
4 1 1.120140 2572.287598 133.000000 133.000000 90.000000 
4 1 -127.879852 2572.287598 133.000000 133.000000 90.000000 
1 3 -490.922363 2608.660645 99.000000 99.000000 90.000000 
5 3 126.812195 3235.282471 50.000000 50.000000 30.000000 
5 3 643.229431 2992.722656 50.000000 50.000000 30.000000 
4 1 719.229431 1863.722656 133.000000 133.000000 90.000000 
4 1 847.229431 1862.722656 133.000000 133.000000 90.000000 
4 1 -499.359619 1567.477051 133.000000 133.000000 90.000000 
4 1 -67.979553 1649.706543 133.000000 133.000000 90.000000 
4 1 278.020447 1456.706543 133.000000 133.000000 90.000000 
4 1 120.020447 1133.706543 133.000000 133.000000 90.000000 
4 1 -218.359680 1266.477051 133.000000 133.000000 90.000000 
4 1 -752.359619 1355.477051 133.000000 133.000000 90.000000 
4 1 -546.979553 1004.706543 133.000000 133.000000 90.000000 
4 1 -873.979553 1677.706543 133.000000 133.000000 90.000000 
4 1 -1163.979492 1461.706543 133.000000 133.000000 90.000000 
4 1 -1018.979492 1105.706543 133.000000 133.000000 90.000000 
4 1 359.020508 868.706543 133.000000 133.000000 90.000000 
4 1 -162.979492 851.706543 133.000000 133.000000 90.000000 
4 1 -813.979492 782.706543 133.000000 133.000000 90.000000 
4 1 -1403.979492 1128.706543 133.000000 133.000000 90.000000 
4 1 -1225.979492 784.706543 133.000000 133.000000 90.000000 
4 1 120.020508 551.706543 133.000000 133.000000 90.000000 
4 1 -467.979492 548.706543 133.000000 133.000000 90.000000 
4 1 -1024.979492 482.706543 133.000000 133.000000 90.000000 
4 1 -765.979492 313.706543 133.000000 133.000000 90.000000 
4 1 -1426.979492 365.706543 133.000000 133.000000 90.000000 
4 1 -1566.979492 682.706543 133.000000 133.000000 90.000000 
4 1 129.221313 86.000000 133.000000 133.000000 90.000000 
4 1 629.221313 519.000000 133.000000 133.000000 90.000000 
4 1 411.221313 241.000000 133.000000 133.000000 90.000000 
4 1 837.221313 846.000000 133.000000 133.000000 90.000000 
4 1 -1137.778687 143.000000 133.000000 133.000000 90.000000 
4 1 -1389.778687 -95.000000 133.000000 133.000000 90.000000 
5 3 376.170044 1043.040283 50.000000 50.000000 30.000000 
4 1 -280.778687 -267.000000 133.000000 133.000000 90.000000 
4 1 -25.288086 -266.000000 133.000000 133.000000 90.000000 
4 1 102.711914 -266.000000 133.000000 133.000000 90.000000 
4 1 231.221313 -265.000000 133.000000 133.000000 90.000000 
4 1 360.221313 -265.000000 133.000000 133.000000 90.000000 
4 1 878.221313 251.000000 133.000000 133.000000 90.000000 
4 1 487.221313 -266.000000 133.000000 133.000000 90.000000 
4 1 414.053833 6289.452148 151.000000 151.000000 90.000000 
4 1 47.000000 6471.818359 100.000000 100.000000 0.000000 
4 1 -146.244995 6290.823730 151.000000 151.000000 90.000000 
4 1 47.000000 6662.818359 100.000000 100.000000 0.000000 
4 1 47.000000 6758.818359 100.000000 100.000000 0.000000 
4 1 220.000000 6661.818359 100.000000 100.000000 0.000000 
4 1 220.000000 6757.818359 100.000000 100.000000 0.000000 
4 1 47.000000 6854.818359 100.000000 100.000000 0.000000 
4 1 47.000000 6950.818359 100.000000 100.000000 0.000000 
4 1 47.000000 7046.818359 100.000000 100.000000 0.000000 
4 1 220.000000 6853.818359 100.000000 100.000000 0.000000 
4 1 220.000000 6949.818359 100.000000 100.000000 0.000000 
4 1 220.000000 7045.818359 100.000000 100.000000 0.000000 
5 3 131.755005 7056.823730 50.000000 50.000000 30.000000 
4 1 267.999023 6287.718262 151.000000 151.000000 90.000000 
2 1 293.000000 6369.818359 100.000000 100.000000 0.000000 
4 1 220.000000 6374.818359 100.000000 100.000000 0.000000 
4 1 185.621826 5905.005371 100.000000 100.000000 0.000000 
4 1 185.621826 5809.005371 100.000000 100.000000 0.000000 
4 1 185.621826 5711.005371 100.000000 100.000000 0.000000 
5 3 360.052734 6379.452148 50.000000 50.000000 30.000000 
4 1 137.450806 5991.000000 151.000000 151.000000 90.000000 
4 1 -107.378174 5884.005371 100.000000 100.000000 0.000000 
4 1 -107.378174 5788.005371 100.000000 100.000000 0.000000 
4 1 -107.378174 5692.005371 100.000000 100.000000 0.000000 
4 1 -107.378174 5596.005371 100.000000 100.000000 0.000000 
4 1 -107.378174 5500.005371 100.000000 100.000000 0.000000 
4 1 137.621826 5253.005371 151.000000 151.000000 90.000000 
4 1 283.101807 5252.005371 151.000000 151.000000 90.000000 
4 1 429.621826 5252.005371 151.000000 151.000000 90.000000 
4 1 -0.549194 6290.000000 151.000000 151.000000 90.000000 
4 1 -112.732788 5391.979492 123.000000 123.000000 0.000000 
4 1 -35.691799 5462.092773 95.000000 95.000000 90.000000 
4 1 -7.732788 5253.979492 151.000000 151.000000 90.000000 
4 1 -149.622345 5179.411621 151.000000 151.000000 90.000000 
4 1 -439.756409 5327.740723 151.000000 151.000000 90.000000 
4 1 -107.378174 5980.005371 100.000000 100.000000 0.000000 
4 1 -9.732788 5990.979492 151.000000 151.000000 90.000000 
4 1 -206.507324 5893.550293 151.000000 151.000000 90.000000 
4 1 -352.507324 5817.550293 151.000000 151.000000 90.000000 
4 1 -497.507324 5742.550293 151.000000 151.000000 90.000000 
4 1 -640.507324 5666.550293 151.000000 151.000000 90.000000 
4 1 -585.507324 5404.550293 151.000000 151.000000 90.000000 
4 1 -730.507324 5479.550293 151.000000 151.000000 90.000000 
4 1 -872.507324 5556.550293 151.000000 151.000000 90.000000 
4 1 -29.732788 5824.979492 73.000000 73.000000 90.000000 
2 1 -26.549194 6372.000000 100.000000 100.000000 90.000000 
4 1 47.000000 6373.818359 100.000000 100.000000 0.000000 
5 3 -27.732788 5893.979492 50.000000 50.000000 30.000000 
5 3 -6.400024 5156.455566 50.000000 50.000000 30.000000 
4 1 -293.622345 5254.411621 151.000000 151.000000 90.000000 
4 1 -1095.400024 5657.455566 100.000000 100.000000 0.000000 
4 1 -1095.400024 5753.455566 100.000000 100.000000 0.000000 
4 1 -1095.400024 5849.455566 100.000000 100.000000 0.000000 
4 1 -1095.400024 5945.455566 100.000000 100.000000 0.000000 
4 1 -1095.400024 6041.455566 100.000000 100.000000 0.000000 
4 1 -1095.400024 6137.455566 100.000000 100.000000 0.000000 
4 1 -1095.400024 6233.455566 100.000000 100.000000 0.000000 
4 1 -1095.400024 6329.455566 100.000000 100.000000 0.000000 
4 1 -1095.400024 6425.455566 100.000000 100.000000 0.000000 
4 1 -1095.400024 6521.455566 100.000000 100.000000 0.000000 
4 1 -1095.400024 6617.455566 100.000000 100.000000 0.000000 
4 1 -1095.400024 6713.455566 100.000000 100.000000 0.000000 
4 1 575.621826 5250.005371 151.000000 151.000000 90.000000 
4 1 720.219543 5250.414063 151.000000 151.000000 90.000000 
4 1 865.446106 5249.343750 151.000000 151.000000 90.000000 
4 1 -1095.400024 5561.455566 100.000000 100.000000 0.000000 
4 1 -1095.400024 5465.455566 100.000000 100.000000 0.000000 
4 1 -1095.400024 5369.455566 100.000000 100.000000 0.000000 
4 1 -1095.400024 5273.455566 100.000000 100.000000 0.000000 
4 1 -1095.400024 5177.455566 100.000000 100.000000 0.000000 
4 1 -1095.400024 5081.455566 100.000000 100.000000 0.000000 
4 1 -1095.400024 4985.455566 100.000000 100.000000 0.000000 
4 1 -1095.400024 4889.455566 100.000000 100.000000 0.000000 
1 1 -995.976990 4940.014648 151.000000 151.000000 90.000000 
1 1 -995.976990 4795.054688 151.000000 151.000000 90.000000 
1 1 -850.411072 4939.684082 151.000000 151.000000 90.000000 
1 1 -850.411072 4794.724121 151.000000 151.000000 90.000000 
1 1 -995.976990 4650.094727 151.000000 151.000000 90.000000 
1 1 -995.976929 4505.134766 151.000000 151.000000 90.000000 
1 1 -995.976929 4360.174805 151.000000 151.000000 90.000000 
1 1 -851.016968 4505.134766 151.000000 151.000000 90.000000 
1 1 -851.016968 4650.094727 151.000000 151.000000 90.000000 
1 1 -706.057007 4650.094727 151.000000 151.000000 90.000000 
1 1 -706.057007 4505.134766 151.000000 151.000000 90.000000 
1 1 -851.016968 4360.174805 151.000000 151.000000 90.000000 
1 1 -706.057007 4360.174805 151.000000 151.000000 90.000000 
1 1 -561.097046 4360.174805 151.000000 151.000000 90.000000 
1 1 -706.057007 4215.214844 151.000000 151.000000 90.000000 
1 1 -851.016968 4215.214844 151.000000 151.000000 90.000000 
1 1 -559.097046 4215.214844 151.000000 151.000000 90.000000 
1 1 -414.137054 4070.254883 151.000000 151.000000 90.000000 
1 1 -560.097046 4071.254883 151.000000 151.000000 90.000000 
1 1 -705.057007 4071.254883 151.000000 151.000000 90.000000 
1 1 -850.016968 4071.254883 151.000000 151.000000 90.000000 
1 1 -995.976929 4215.214844 151.000000 151.000000 90.000000 
2 4 -1657.445801 4076.571777 133.000000 133.000000 0.000000 
2 4 -1785.125854 4204.251953 133.000000 133.000000 0.000000 
2 4 -1912.805908 4331.932129 133.000000 133.000000 0.000000 
2 4 -2040.485962 4459.612305 133.000000 133.000000 0.000000 
2 4 -2168.166016 4587.292480 133.000000 133.000000 0.000000 
1 1 -995.976929 4070.254883 151.000000 151.000000 90.000000 
2 4 -1529.765747 3948.891846 133.000000 133.000000 0.000000 
1 1 -1402.085693 3821.211914 133.000000 133.000000 90.000000 
2 1 -1530.432373 3820.828125 133.000000 133.000000 180.000000 
2 1 -1658.112427 3948.508057 133.000000 133.000000 180.000000 
2 1 -1785.792480 4076.187988 133.000000 133.000000 180.000000 
2 1 -1913.472534 4203.868164 133.000000 133.000000 180.000000 
2 1 -2041.152588 4331.548340 133.000000 133.000000 180.000000 
2 1 -2168.832520 4459.228516 133.000000 133.000000 180.000000 
1 1 -1274.405640 3821.211914 133.000000 133.000000 90.000000 
1 1 -1276.432373 4119.828125 133.000000 133.000000 90.000000 
2 1 -1405.112427 4119.828125 133.000000 133.000000 180.000000 
2 1 -1532.792480 4247.508301 133.000000 133.000000 180.000000 
2 1 -1660.472534 4375.188477 133.000000 133.000000 180.000000 
2 1 -1788.152588 4502.868652 133.000000 133.000000 180.000000 
2 1 -1915.832642 4630.548828 133.000000 133.000000 180.000000 
2 1 -2043.512695 4758.229004 133.000000 133.000000 180.000000 
2 1 -1915.832520 4758.229004 133.000000 133.000000 0.000000 
2 1 -1788.152466 4630.548828 133.000000 133.000000 0.000000 
2 1 -1660.472412 4502.868652 133.000000 133.000000 0.000000 
2 1 -1532.792358 4375.188477 133.000000 133.000000 0.000000 
2 1 -1405.112305 4247.508301 133.000000 133.000000 0.000000 
2 1 -2171.192627 4885.909180 133.000000 133.000000 180.000000 
2 1 -2043.512573 4885.909180 133.000000 133.000000 0.000000 
2 1 -2171.192627 5013.589355 133.000000 133.000000 0.000000 
1 1 -2299.872559 5013.589355 133.000000 133.000000 0.000000 
1 1 -2427.552490 5013.589355 133.000000 133.000000 0.000000 
1 1 -2555.232422 5013.589355 133.000000 133.000000 0.000000 
1 1 -2555.232422 4885.909180 133.000000 133.000000 0.000000 
1 1 -2555.232422 4758.229004 133.000000 133.000000 0.000000 
1 1 -2555.232422 4630.548828 133.000000 133.000000 0.000000 
1 1 -2296.512451 4586.908691 133.000000 133.000000 180.000000 
1 1 -2424.552490 4622.548828 133.000000 133.000000 0.000000 
5 3 -2299.553223 4825.620605 50.000000 50.000000 30.000000 
5 3 -2412.553223 4818.620605 50.000000 50.000000 30.000000 
4 1 844.882751 2240.302246 133.000000 133.000000 90.000000 
1 1 643.492188 2601.843018 133.000000 133.000000 90.000000 
1 1 736.194580 2566.715088 59.000000 59.000000 90.000000 
4 1 557.020508 1202.706543 133.000000 133.000000 90.000000 
1 1 1715.685913 309.429901 133.000000 133.000000 90.000000 
1 1 1715.685913 692.469910 133.000000 133.000000 90.000000 
1 1 1715.685913 820.149902 133.000000 133.000000 90.000000 
1 1 1715.685913 181.749893 133.000000 133.000000 90.000000 
1 1 1715.685913 437.109894 133.000000 133.000000 90.000000 
1 1 1716.365967 949.149902 133.000000 133.000000 90.000000 
1 1 1716.046021 1079.149902 133.000000 133.000000 90.000000 
1 1 1844.726074 1079.149902 133.000000 133.000000 90.000000 
1 1 1975.406006 1079.149902 133.000000 133.000000 90.000000 
2 3 2360.445801 950.469910 133.000000 133.000000 0.000000 
2 3 2232.765869 1078.149902 133.000000 133.000000 0.000000 
2 3 2232.382568 950.511780 133.000000 133.000000 180.000000 
2 3 2360.062500 822.831787 133.000000 133.000000 180.000000 
1 1 2105.085938 1205.829956 133.000000 133.000000 90.000000 
1 1 2232.765869 1205.829956 133.000000 133.000000 90.000000 
1 1 2360.445801 1205.829956 133.000000 133.000000 90.000000 
1 1 2488.125732 1205.829956 133.000000 133.000000 90.000000 
1 1 2105.085938 1078.149902 133.000000 133.000000 90.000000 
1 1 1715.685913 564.789917 133.000000 133.000000 90.000000 
1 4 1844.827637 178.762512 133.000000 133.000000 0.000000 
2 4 2162.671875 815.473145 113.000000 113.000000 0.000000 
1 1 2615.805664 1205.829956 133.000000 133.000000 90.000000 
1 3 2061.511963 805.473145 96.000000 96.000000 0.000000 
1 3 2061.511963 897.633118 96.000000 96.000000 0.000000 
1 3 1968.351929 714.313171 96.000000 96.000000 0.000000 
1 3 1968.351929 806.473145 96.000000 96.000000 0.000000 
1 3 1968.351929 898.633118 96.000000 96.000000 0.000000 
1 1 2162.399170 708.632690 112.000000 112.000000 90.000000 
1 3 2061.511963 713.313171 96.000000 96.000000 0.000000 
1 3 2378.559082 699.632690 111.000000 111.000000 0.000000 
1 3 2272.399170 700.632690 110.000000 110.000000 0.000000 
1 0 2611.879150 207.952744 127.000000 127.000000 0.000000 
5 3 -1215.829956 327.040283 50.000000 50.000000 30.000000 
4 1 -159.361633 2097.433594 133.000000 133.000000 90.000000 
5 2 -312.849792 2246.576660 133.000000 133.000000 0.000000 
4 1 -289.748901 2098.109131 133.000000 133.000000 90.000000 
4 1 -545.361572 2099.433594 133.000000 133.000000 90.000000 
4 1 -418.361603 2099.433594 133.000000 133.000000 90.000000 
4 1 -572.000000 1833.000000 133.000000 133.000000 90.000000 
4 1 -937.000000 1980.000000 133.000000 133.000000 90.000000 
4 1 -282.000000 1861.000000 133.000000 133.000000 90.000000 
4 1 189.000000 1928.000000 133.000000 133.000000 90.000000 
4 1 412.000000 1763.000000 133.000000 133.000000 90.000000 
1 1 -1403.085693 3566.852051 133.000000 133.000000 90.000000 
4 1 129.120148 2572.287598 133.000000 133.000000 90.000000 
4 1 -1259.000000 3586.000000 133.000000 133.000000 90.000000 
5 3 2207.746826 856.814148 50.000000 50.000000 30.000000 
5 3 2631.987061 980.280518 50.000000 50.000000 30.000000 
5 3 2389.987061 1010.280457 50.000000 50.000000 30.000000 
1 1 2990.014160 965.784485 127.000000 127.000000 90.000000 
1 1 2990.014160 843.864502 127.000000 127.000000 90.000000 
1 1 2990.014160 721.944519 127.000000 127.000000 90.000000 
1 3 2866.094238 562.624512 127.000000 127.000000 90.000000 
1 3 2743.094238 563.624512 127.000000 127.000000 90.000000 
1 3 2612.094238 328.624512 127.000000 127.000000 90.000000 
1 3 2736.094238 326.624512 127.000000 127.000000 90.000000 
1 1 2861.094238 38.624512 154.000000 154.000000 0.000000 
1 1 2990.014160 601.024536 127.000000 127.000000 90.000000 
1 1 2990.014160 479.104553 127.000000 127.000000 90.000000 
1 1 2990.014160 357.184570 127.000000 127.000000 90.000000 
1 1 2743.485596 1205.829956 133.000000 133.000000 90.000000 
1 1 2990.014160 1087.704468 127.000000 127.000000 90.000000 
5 3 2862.098633 846.889282 50.000000 50.000000 30.000000 
5 3 2860.098633 958.889282 50.000000 50.000000 30.000000 
1 1 2869.165527 1086.829956 129.000000 129.000000 90.000000 
1 1 4118.334961 -151.480942 236.000000 236.000000 0.000000 
1 1 4471.334961 -131.480942 193.000000 193.000000 0.000000 
1 1 4748.935059 -99.244705 132.000000 132.000000 0.000000 
1 1 4987.935059 -77.244705 87.000000 87.000000 0.000000 
1 1 5189.935059 -59.244705 52.000000 52.000000 0.000000 
5 3 5670.918945 37.375771 50.000000 50.000000 30.000000 
1 1 5361.935059 -51.244705 34.000000 34.000000 0.000000 
1 1 5521.935059 -41.244705 20.000000 20.000000 0.000000 
1 1 5669.918945 -35.624229 10.000000 10.000000 0.000000 
1 1 5803.396973 -32.324310 5.000000 5.000000 0.000000 
1 1 2489.959229 207.952744 127.000000 127.000000 0.000000 
1 1 2489.959229 329.872742 127.000000 127.000000 0.000000 
1 1 2489.959229 451.792725 127.000000 127.000000 0.000000 
1 1 2489.959229 573.712708 127.000000 127.000000 0.000000 
1 1 2489.959229 695.632690 127.000000 127.000000 0.000000 
1 1 2489.959229 817.552673 127.000000 127.000000 0.000000 
1 1 2611.879150 817.552673 127.000000 127.000000 0.000000 
1 1 2733.799072 817.552673 127.000000 127.000000 0.000000 
1 1 2738.799072 939.472656 127.000000 127.000000 0.000000 
1 1 2741.799072 1066.392700 135.000000 135.000000 0.000000 
4 1 -152.288086 -267.000000 133.000000 133.000000 90.000000 
4 1 -394.778687 65.000000 133.000000 133.000000 90.000000 
4 1 -143.979492 321.706543 133.000000 133.000000 90.000000 
1 1 745.363770 -168.000000 133.000000 133.000000 0.000000 
1 1 873.043762 -169.000000 133.000000 133.000000 0.000000 
1 1 1001.723755 -169.000000 133.000000 133.000000 0.000000 
1 1 1199.000000 -101.000000 133.000000 133.000000 0.000000 
1 1 2480.800049 -101.000000 133.000000 133.000000 0.000000 
1 1 2353.120117 -101.000000 133.000000 133.000000 0.000000 
1 1 2225.440186 -101.000000 133.000000 133.000000 0.000000 
1 1 2097.760254 -101.000000 133.000000 133.000000 0.000000 
1 1 1970.080200 -101.000000 133.000000 133.000000 0.000000 
1 1 1842.400146 -101.000000 133.000000 133.000000 0.000000 
1 1 1714.720093 -101.000000 133.000000 133.000000 0.000000 
1 1 1587.040039 -101.000000 133.000000 133.000000 0.000000 
1 1 1459.359985 -101.000000 133.000000 133.000000 0.000000 
1 1 1331.679932 -101.000000 133.000000 133.000000 0.000000 
1 1 2863.839844 -101.000000 133.000000 133.000000 0.000000 
1 1 2991.519775 -101.000000 133.000000 133.000000 0.000000 
1 1 3119.199707 -101.000000 133.000000 133.000000 0.000000 
1 1 3629.919434 -101.000000 133.000000 133.000000 0.000000 
1 1 3757.599365 -101.000000 133.000000 133.000000 0.000000 
1 1 3885.279297 -101.000000 133.000000 133.000000 0.000000 
1 1 2748.468506 2.640686 81.000000 81.000000 0.000000 
1 1 2736.159912 -101.000000 133.000000 133.000000 0.000000 
1 1 2607.479980 -102.000000 133.000000 133.000000 0.000000 
1 1 3374.559570 -100.000000 133.000000 133.000000 0.000000 
1 1 3502.239502 -101.000000 133.000000 133.000000 0.000000 
1 1 3641.004395 790.191284 112.000000 112.000000 0.000000 
1 1 3748.524414 897.711304 112.000000 112.000000 0.000000 
1 1 3856.044434 1005.231323 112.000000 112.000000 0.000000 
1 1 4329.798340 1405.447144 112.000000 112.000000 0.000000 
1 1 4328.798340 1297.447144 112.000000 112.000000 0.000000 
1 1 4327.798340 1190.447144 112.000000 112.000000 0.000000 
1 1 4554.798340 1224.447144 112.000000 112.000000 0.000000 
1 1 3963.564453 1112.751343 112.000000 112.000000 0.000000 
1 1 4073.875488 1215.475464 112.000000 112.000000 0.000000 
1 1 4224.084473 1513.271362 112.000000 112.000000 0.000000 
1 1 4329.798340 1511.447144 112.000000 112.000000 0.000000 
1 1 4329.798340 1618.967163 112.000000 112.000000 0.000000 
1 1 4329.798340 1726.487183 112.000000 112.000000 0.000000 
1 1 4329.798340 1834.007202 112.000000 112.000000 0.000000 
1 1 4329.798340 1941.527222 112.000000 112.000000 0.000000 
1 1 4327.798340 1085.447144 112.000000 112.000000 0.000000 
5 3 4543.798340 1348.447144 50.000000 50.000000 30.000000 
5 3 4550.708496 1437.905029 50.000000 50.000000 30.000000 
5 3 4547.708496 1531.905029 50.000000 50.000000 30.000000 
1 1 4329.798340 2049.047119 112.000000 112.000000 0.000000 
1 1 4329.798340 2156.567139 112.000000 112.000000 0.000000 
1 1 4329.798340 2264.087158 112.000000 112.000000 0.000000 
1 1 4437.318359 2264.087158 112.000000 112.000000 0.000000 
1 1 4544.838379 2264.087158 112.000000 112.000000 0.000000 
1 1 4652.358398 2264.087158 112.000000 112.000000 0.000000 
1 1 4759.878418 2264.087158 112.000000 112.000000 0.000000 
1 1 4867.398438 2264.087158 112.000000 112.000000 0.000000 
1 1 4867.398438 2156.567139 112.000000 112.000000 0.000000 
1 1 4867.398438 2049.047119 112.000000 112.000000 0.000000 
1 1 4867.398438 1941.527100 112.000000 112.000000 0.000000 
1 1 4867.398438 1834.007080 112.000000 112.000000 0.000000 
1 1 4867.398438 1726.487061 112.000000 112.000000 0.000000 
1 1 4867.398438 1618.967041 112.000000 112.000000 0.000000 
1 1 4867.398438 1511.447021 112.000000 112.000000 0.000000 
1 1 4867.398438 1403.927002 112.000000 112.000000 0.000000 
1 1 4867.398438 1296.406982 112.000000 112.000000 0.000000 
1 1 4867.398438 1188.886963 112.000000 112.000000 0.000000 
1 1 4867.398438 1081.366943 112.000000 112.000000 0.000000 
1 1 4867.398438 973.846924 112.000000 112.000000 0.000000 
1 1 4867.398438 866.326904 112.000000 112.000000 0.000000 
1 1 4867.398438 758.806885 112.000000 112.000000 0.000000 
1 1 4867.398438 651.286865 112.000000 112.000000 0.000000 
1 1 4867.398438 543.766846 112.000000 112.000000 0.000000 
1 1 4867.398438 436.246857 112.000000 112.000000 0.000000 
1 1 4759.878418 436.246857 112.000000 112.000000 0.000000 
1 1 4652.358398 436.246857 112.000000 112.000000 0.000000 
1 1 4544.838379 436.246857 112.000000 112.000000 0.000000 
1 1 4437.318359 436.246857 112.000000 112.000000 0.000000 
1 1 4329.798340 436.246857 112.000000 112.000000 0.000000 
1 1 4114.758301 436.246857 112.000000 112.000000 0.000000 
1 1 4007.238281 436.246857 112.000000 112.000000 0.000000 
1 1 3899.718262 436.246857 112.000000 112.000000 0.000000 
1 1 3792.198242 436.246857 112.000000 112.000000 0.000000 
1 1 4222.278320 436.246857 112.000000 112.000000 0.000000 
1 1 3242.090820 473.623871 133.000000 133.000000 0.000000 
1 1 3683.678223 436.246857 112.000000 112.000000 0.000000 
1 1 3576.158203 436.246857 112.000000 112.000000 0.000000 
1 1 3468.638184 436.246857 112.000000 112.000000 0.000000 
1 1 3361.118164 436.246857 112.000000 112.000000 0.000000 
1 1 3448.079102 711.401855 112.000000 112.000000 0.000000 
1 1 3109.559570 232.679993 133.000000 133.000000 0.000000 
1 1 3124.484863 119.348816 103.000000 103.000000 0.000000 
1 1 3246.879639 -101.000000 133.000000 133.000000 0.000000 
1 1 3374.559570 -101.000000 133.000000 133.000000 0.000000 
0 0 3900.484863 -35.651184 133.000000 133.000000 0.000000 
