0 0     
0      
1 1 -9507 -93 100 100 0
1 1 -9410 -93 100 100 0
1 1 -9313 -93 100 100 0
1 1 -9216 -93 100 100 0
1 1 -9119 -93 100 100 0
1 1 -9022 -93 100 100 0
1 1 -8925 -93 100 100 0
1 1 -8828 -93 100 100 0
1 1 -8731 -93 100 100 0
1 1 -8634 -93 100 100 0
1 1 -8537 -93 100 100 0
1 1 -8440 -93 100 100 0
1 1 -8343 -93 100 100 0
1 1 -8246 -93 100 100 0
1 1 -8149 -93 100 100 0
1 1 -8052 -93 100 100 0
1 1 -7955 -93 100 100 0
1 1 -7858 -93 100 100 0
1 1 -7761 -93 100 100 0
1 1 -7664 -93 100 100 0
1 1 -7567 -93 100 100 0
1 1 -7470 -93 100 100 0
1 1 -7373 -93 100 100 0
1 1 -7276 -93 100 100 0
1 1 -7179 -93 100 100 0
1 1 -7082 -93 100 100 0
1 1 -6985 -93 100 100 0
1 1 -6888 -93 100 100 0
1 1 -6791 -93 100 100 0
1 1 -6694 -93 100 100 0
1 1 -6597 -93 100 100 0
1 1 -6500 -93 100 100 0
1 1 -6403 -93 100 100 0
1 1 -6306 -93 100 100 0
1 1 -6209 -93 100 100 0
1 1 -6112 -93 100 100 0
1 1 -6015 -93 100 100 0
1 1 -5918 -93 100 100 0
1 1 -5821 -93 100 100 0
1 1 -5724 -93 100 100 0
1 1 -5627 -93 100 100 0
1 1 -5530 -93 100 100 0
1 1 -5433 -93 100 100 0
1 1 -5336 -93 100 100 0
1 1 -5239 -93 100 100 0
1 1 -5142 -93 100 100 0
1 1 -5045 -93 100 100 0
1 1 -4948 -93 100 100 0
1 1 -4851 -93 100 100 0
1 1 -4754 -93 100 100 0
1 1 -4657 -93 100 100 0
1 1 -4560 -93 100 100 0
1 1 -4463 -93 100 100 0
1 1 -4366 -93 100 100 0
1 1 -4269 -93 100 100 0
1 1 -4172 -93 100 100 0
1 1 -4075 -93 100 100 0
1 1 -3978 -93 100 100 0
1 1 -3881 -93 100 100 0
1 1 -3784 -93 100 100 0
1 1 -3687 -93 100 100 0
1 1 -3590 -93 100 100 0
1 1 -3493 -93 100 100 0
1 1 -3396 -93 100 100 0
1 1 -3299 -93 100 100 0
1 1 -3202 -93 100 100 0
1 1 -3105 -93 100 100 0
1 1 -3008 -93 100 100 0
1 1 -2911 -93 100 100 0
1 1 -2814 -93 100 100 0
1 1 -2717 -93 100 100 0
1 1 -2620 -93 100 100 0
1 1 -2523 -93 100 100 0
1 1 -2426 -93 100 100 0
1 1 -2329 -93 100 100 0
1 1 -2232 -93 100 100 0
1 1 -2135 -93 100 100 0
1 1 -2038 -93 100 100 0
1 1 -1941 -93 100 100 0
1 1 -1844 -93 100 100 0
1 1 -1747 -93 100 100 0
1 1 -1650 -93 100 100 0
1 1 -1553 -93 100 100 0
1 1 -1456 -93 100 100 0
1 1 -1359 -93 100 100 0
1 1 -1262 -93 100 100 0
1 1 -1165 -93 100 100 0
1 1 -1068 -93 100 100 0
1 1 -971 -93 100 100 0
1 1 -874 -93 100 100 0
1 1 -777 -93 100 100 0
1 1 -680 -93 100 100 0
1 1 -583 -93 100 100 0
1 1 -486 -93 100 100 0
1 1 -389 -93 100 100 0
1 1 -292 -93 100 100 0
1 1 -195 -93 100 100 0
1 1 -98 -93 100 100 0
1 1 -1 -93 100 100 0
1 1 96 -93 100 100 0
1 1 193 -93 100 100 0
1 1 290 -93 100 100 0
1 1 387 -93 100 100 0
1 1 484 -93 100 100 0
1 1 581 -93 100 100 0
1 1 678 -93 100 100 0
1 1 775 -93 100 100 0
1 1 872 -93 100 100 0
1 1 969 -93 100 100 0
1 1 1066 -93 100 100 0
1 1 1163 -93 100 100 0
1 1 1260 -93 100 100 0
1 1 1357 -93 100 100 0
1 1 1454 -93 100 100 0
1 1 1551 -93 100 100 0
1 1 1648 -93 100 100 0
1 1 1745 -93 100 100 0
1 1 1842 -93 100 100 0
1 1 1939 -93 100 100 0
1 1 2036 -93 100 100 0
1 1 2133 -93 100 100 0
1 1 2230 -93 100 100 0
1 1 2327 -93 100 100 0
1 1 2424 -93 100 100 0
1 1 2521 -93 100 100 0
1 1 2618 -93 100 100 0
1 1 2715 -93 100 100 0
1 1 2812 -93 100 100 0
1 1 2909 -93 100 100 0
1 1 3006 -93 100 100 0
1 1 3103 -93 100 100 0
1 1 3200 -93 100 100 0
1 1 3297 -93 100 100 0
1 1 3394 -93 100 100 0
1 1 3491 -93 100 100 0
1 1 3588 -93 100 100 0
1 1 3685 -93 100 100 0
1 1 3782 -93 100 100 0
1 1 3879 -93 100 100 0
1 1 3976 -93 100 100 0
1 1 4073 -93 100 100 0
1 1 4170 -93 100 100 0
1 1 4267 -93 100 100 0
1 1 4364 -93 100 100 0
1 1 4461 -93 100 100 0
1 1 4558 -93 100 100 0
1 1 4655 -93 100 100 0
1 1 4752 -93 100 100 0
1 1 4849 -93 100 100 0
1 1 4946 -93 100 100 0
1 1 5043 -93 100 100 0
1 1 5140 -93 100 100 0
1 1 5237 -93 100 100 0
1 1 5334 -93 100 100 0
1 1 5431 -93 100 100 0
1 1 5528 -93 100 100 0
1 1 5625 -93 100 100 0
1 1 5722 -93 100 100 0
1 1 5819 -93 100 100 0
1 1 5916 -93 100 100 0
1 1 6013 -93 100 100 0
1 1 6110 -93 100 100 0
1 1 6207 -93 100 100 0
1 1 6304 -93 100 100 0
1 1 6401 -93 100 100 0
1 1 6498 -93 100 100 0
1 1 6595 -93 100 100 0
1 1 6692 -93 100 100 0
1 1 6789 -93 100 100 0
1 1 6886 -93 100 100 0
1 1 6983 -93 100 100 0
1 1 7080 -93 100 100 0
1 1 7177 -93 100 100 0
1 1 7274 -93 100 100 0
1 1 7371 -93 100 100 0
1 1 7468 -93 100 100 0
1 1 7565 -93 100 100 0
1 1 7662 -93 100 100 0
1 1 7759 -93 100 100 0
1 1 7856 -93 100 100 0
1 1 7953 -93 100 100 0
1 1 8050 -93 100 100 0
1 1 8147 -93 100 100 0
1 1 8244 -93 100 100 0
1 1 8341 -93 100 100 0
1 1 8438 -93 100 100 0
1 1 8535 -93 100 100 0
1 1 8632 -93 100 100 0
1 1 8729 -93 100 100 0
1 1 8826 -93 100 100 0
1 1 8923 -93 100 100 0
1 1 9020 -93 100 100 0
1 1 9117 -93 100 100 0
1 1 9214 -93 100 100 0
1 1 9311 -93 100 100 0
1 1 9408 -93 100 100 0
1 1 9505 -93 100 100 0
1 1 9602 -93 100 100 0
1 1 9699 -93 100 100 0
1 1 9796 -93 100 100 0
0 0 749 -93 100 100 0
