0.000000 0.000000 
0 
1 1 -98.000000 -207.693115 100.000000 100.000000 0.000000 
1 1 -195.000000 -207.693115 100.000000 100.000000 0.000000 
1 1 -292.000000 -207.693115 100.000000 100.000000 0.000000 
1 1 -389.000000 -207.693115 100.000000 100.000000 0.000000 
1 1 379.000000 -205.693115 100.000000 100.000000 0.000000 
1 1 -245.000000 -62.693123 203.000000 203.000000 0.000000 
1 0 -245.000000 133.306885 203.000000 203.000000 0.000000 
1 1 -246.000000 330.306885 203.000000 203.000000 0.000000 
1 1 -246.000000 134.000000 203.000000 203.000000 0.000000 
1 1 283.000000 -267.000000 203.000000 203.000000 0.000000 
1 1 278.000000 -208.693115 100.000000 100.000000 0.000000 
1 0 174.000000 -168.693115 100.000000 100.000000 0.000000 
2 3 -61.000000 -77.693115 175.000000 175.000000 0.000000 
1 4 93.000000 -207.693115 100.000000 100.000000 0.000000 
5 0 452.105438 215.291931 96.000000 96.000000 0.000000 
5 0 64.000000 87.000000 111.000000 111.000000 0.000000 
5 2 13.105453 152.291931 110.000000 110.000000 0.000000 
5 3 224.000000 103.000000 50.000000 50.000000 30.000000 
5 3 176.000000 188.000000 50.000000 50.000000 30.000000 
5 3 -9.000000 211.000000 50.000000 50.000000 30.000000 
5 3 -111.000000 200.000000 50.000000 50.000000 30.000000 
5 3 -104.000000 123.000000 50.000000 50.000000 30.000000 
5 3 86.000000 193.000000 50.000000 50.000000 30.000000 
5 3 126.000000 121.000000 50.000000 50.000000 30.000000 
5 3 293.000000 214.000000 50.000000 50.000000 30.000000 
5 3 117.000000 240.000000 50.000000 50.000000 30.000000 
5 3 -58.000000 266.000000 50.000000 50.000000 30.000000 
5 0 69.000000 266.000000 50.000000 50.000000 0.000000 
0 0 -2.000000 -112.000000 100.000000 100.000000 0.000000 
1 1 -2.000000 -208.000000 100.000000 100.000000 0.000000 
2 1 -2.000000 -112.000000 100.000000 100.000000 0.000000 
1 1 325.000000 -50.000000 203.000000 203.000000 0.000000 
1 1 644.000000 -143.000000 203.000000 203.000000 0.000000 
