0.000000 0.000000 
0 
1 1 3.000000 -107.000000 100.000000 100.000000 0.000000 
1 1 100.000000 -106.000000 100.000000 100.000000 0.000000 
1 1 -93.000000 -107.000000 100.000000 100.000000 0.000000 
1 1 -189.000000 -107.000000 100.000000 100.000000 0.000000 
1 1 -285.000000 -107.000000 100.000000 100.000000 0.000000 
1 1 -381.000000 -107.000000 100.000000 100.000000 0.000000 
1 1 196.000000 -105.000000 100.000000 100.000000 0.000000 
1 1 293.000000 -105.000000 100.000000 100.000000 0.000000 
1 1 389.000000 -106.000000 100.000000 100.000000 0.000000 
1 1 4.000000 -200.000000 100.000000 100.000000 0.000000 
1 1 4.000000 -296.000000 100.000000 100.000000 0.000000 
1 1 99.000000 -200.000000 100.000000 100.000000 0.000000 
1 1 100.000000 -296.000000 100.000000 100.000000 0.000000 
1 1 -92.000000 -200.000000 100.000000 100.000000 0.000000 
1 1 -92.000000 -297.000000 100.000000 100.000000 0.000000 
1 1 -91.000000 -394.000000 100.000000 100.000000 0.000000 
1 1 3.000000 -392.000000 100.000000 100.000000 0.000000 
1 1 99.000000 -391.000000 100.000000 100.000000 0.000000 
1 1 -189.000000 -201.000000 100.000000 100.000000 0.000000 
1 1 -189.000000 -297.000000 100.000000 100.000000 0.000000 
1 1 -189.000000 -393.000000 100.000000 100.000000 0.000000 
1 1 -285.000000 -202.000000 100.000000 100.000000 0.000000 
1 1 -286.000000 -299.000000 100.000000 100.000000 0.000000 
1 1 -286.000000 -395.000000 100.000000 100.000000 0.000000 
1 1 197.000000 -296.000000 100.000000 100.000000 0.000000 
1 1 195.000000 -199.000000 100.000000 100.000000 0.000000 
1 1 196.000000 -391.000000 100.000000 100.000000 0.000000 
1 1 293.000000 -199.000000 100.000000 100.000000 0.000000 
1 1 294.000000 -296.000000 100.000000 100.000000 0.000000 
1 1 292.000000 -390.000000 100.000000 100.000000 0.000000 
1 1 390.000000 -199.000000 100.000000 100.000000 0.000000 
1 1 390.000000 -294.000000 100.000000 100.000000 0.000000 
1 1 486.000000 -106.000000 100.000000 100.000000 0.000000 
1 1 486.000000 -200.000000 100.000000 100.000000 0.000000 
1 1 486.000000 -390.000000 100.000000 100.000000 0.000000 
1 1 389.000000 -390.000000 100.000000 100.000000 0.000000 
1 1 581.000000 -105.000000 100.000000 100.000000 0.000000 
1 1 583.000000 -199.000000 100.000000 100.000000 0.000000 
1 1 581.000000 -294.000000 100.000000 100.000000 0.000000 
1 1 485.000000 -296.000000 100.000000 100.000000 0.000000 
1 1 582.000000 -388.000000 100.000000 100.000000 0.000000 
1 1 676.000000 -104.000000 100.000000 100.000000 0.000000 
1 1 678.000000 -199.000000 100.000000 100.000000 0.000000 
1 1 678.000000 -293.000000 100.000000 100.000000 0.000000 
1 1 677.000000 -390.000000 100.000000 100.000000 0.000000 
1 1 772.000000 -293.000000 100.000000 100.000000 0.000000 
1 1 774.000000 -199.000000 100.000000 100.000000 0.000000 
1 1 773.000000 -388.000000 100.000000 100.000000 0.000000 
1 1 -381.000000 -299.000000 100.000000 100.000000 0.000000 
1 1 -382.000000 -203.000000 100.000000 100.000000 0.000000 
1 1 -383.000000 -396.000000 100.000000 100.000000 0.000000 
1 1 -478.000000 -108.000000 100.000000 100.000000 0.000000 
1 1 -479.000000 -204.000000 100.000000 100.000000 0.000000 
1 1 -478.000000 -300.000000 100.000000 100.000000 0.000000 
1 1 -479.000000 -396.000000 100.000000 100.000000 0.000000 
1 1 -575.000000 -108.000000 100.000000 100.000000 0.000000 
1 1 -575.000000 -205.000000 100.000000 100.000000 0.000000 
1 1 -575.000000 -302.000000 100.000000 100.000000 0.000000 
1 1 -576.000000 -398.000000 100.000000 100.000000 0.000000 
1 1 -672.000000 -108.000000 100.000000 100.000000 0.000000 
1 1 -672.000000 -205.000000 100.000000 100.000000 0.000000 
1 1 -672.000000 -301.000000 100.000000 100.000000 0.000000 
1 1 -673.000000 -396.000000 100.000000 100.000000 0.000000 
1 1 -769.000000 -109.000000 100.000000 100.000000 0.000000 
1 1 -769.000000 -205.000000 100.000000 100.000000 0.000000 
1 1 -769.000000 -301.000000 100.000000 100.000000 0.000000 
1 1 -769.000000 -398.000000 100.000000 100.000000 0.000000 
1 1 -866.000000 -109.000000 100.000000 100.000000 0.000000 
1 1 -866.000000 -206.000000 100.000000 100.000000 0.000000 
1 1 -866.000000 -303.000000 100.000000 100.000000 0.000000 
1 1 -866.000000 -399.000000 100.000000 100.000000 0.000000 
1 1 -963.000000 -109.000000 100.000000 100.000000 0.000000 
1 1 -963.000000 -205.000000 100.000000 100.000000 0.000000 
1 1 -963.000000 -302.000000 100.000000 100.000000 0.000000 
1 0 -963.000000 -397.000000 100.000000 100.000000 0.000000 
1 1 773.000000 -104.000000 100.000000 100.000000 0.000000 
1 1 869.000000 -103.000000 100.000000 100.000000 0.000000 
1 1 869.000000 -199.000000 100.000000 100.000000 0.000000 
1 1 869.000000 -296.000000 100.000000 100.000000 0.000000 
1 1 869.000000 -391.000000 100.000000 100.000000 0.000000 
1 1 965.000000 -103.000000 100.000000 100.000000 0.000000 
1 1 966.000000 -198.000000 100.000000 100.000000 0.000000 
1 1 964.000000 -294.000000 100.000000 100.000000 0.000000 
1 1 966.000000 -390.000000 100.000000 100.000000 0.000000 
1 1 1061.000000 -102.000000 100.000000 100.000000 0.000000 
1 1 1062.000000 -198.000000 100.000000 100.000000 0.000000 
1 1 1061.000000 -294.000000 100.000000 100.000000 0.000000 
1 1 1062.000000 -391.000000 100.000000 100.000000 0.000000 
1 1 1157.000000 -102.000000 100.000000 100.000000 0.000000 
1 1 1159.000000 -199.000000 100.000000 100.000000 0.000000 
1 1 1158.000000 -295.000000 100.000000 100.000000 0.000000 
1 1 1159.000000 -392.000000 100.000000 100.000000 0.000000 
1 1 1254.000000 -101.000000 100.000000 100.000000 0.000000 
1 1 1256.000000 -196.000000 100.000000 100.000000 0.000000 
1 1 1255.000000 -293.000000 100.000000 100.000000 0.000000 
1 1 1256.000000 -389.000000 100.000000 100.000000 0.000000 
1 1 1350.000000 -101.000000 100.000000 100.000000 0.000000 
1 1 1351.000000 -196.000000 100.000000 100.000000 0.000000 
1 1 1352.000000 -292.000000 100.000000 100.000000 0.000000 
1 1 1351.000000 -388.000000 100.000000 100.000000 0.000000 
0 0 1873.000000 -401.000000 100.000000 100.000000 0.000000 
