0.000000 0.000000 
3 
1 1 -92.000000 -91.000000 100.000000 100.000000 0.000000 
1 1 -188.000000 -91.000000 100.000000 100.000000 0.000000 
1 1 4.000000 -91.000000 100.000000 100.000000 0.000000 
1 1 100.000000 -91.000000 100.000000 100.000000 0.000000 
1 1 292.000000 -91.000000 100.000000 100.000000 0.000000 
1 1 -284.000000 5.000000 100.000000 100.000000 0.000000 
1 1 -284.000000 101.000000 100.000000 100.000000 0.000000 
1 1 -284.000000 197.000000 100.000000 100.000000 0.000000 
1 1 -284.000000 293.000000 100.000000 100.000000 0.000000 
1 1 -284.000000 389.000000 100.000000 100.000000 0.000000 
1 1 196.000000 -91.000000 100.000000 100.000000 0.000000 
1 1 196.000000 5.000000 100.000000 100.000000 0.000000 
1 1 388.000000 -91.000000 100.000000 100.000000 0.000000 
1 1 484.000000 -91.000000 100.000000 100.000000 0.000000 
4 1 387.031616 83.000000 102.000000 102.000000 90.000000 
4 1 581.023804 141.000000 102.000000 102.000000 90.000000 
4 1 681.543518 245.443756 102.000000 102.000000 90.000000 
4 1 779.424255 346.642517 102.000000 102.000000 90.000000 
4 1 582.710571 405.205414 102.000000 102.000000 90.000000 
4 1 388.372314 406.727509 102.000000 102.000000 90.000000 
4 1 290.372314 406.727509 102.000000 102.000000 90.000000 
5 3 339.372314 500.727509 50.000000 50.000000 30.000000 
1 1 772.000000 -91.000000 100.000000 100.000000 0.000000 
1 1 868.000000 -91.000000 100.000000 100.000000 0.000000 
1 1 964.000000 -91.000000 100.000000 100.000000 0.000000 
1 1 -284.000000 -91.000000 100.000000 100.000000 0.000000 
1 1 100.000000 -283.000000 100.000000 100.000000 0.000000 
1 1 388.000000 -283.000000 100.000000 100.000000 0.000000 
1 1 196.000000 -283.000000 100.000000 100.000000 0.000000 
1 1 484.372314 -282.272491 100.000000 100.000000 0.000000 
1 1 581.372314 -281.272491 100.000000 100.000000 0.000000 
1 1 677.372314 -281.272491 100.000000 100.000000 0.000000 
1 1 676.000000 -91.000000 100.000000 100.000000 0.000000 
1 1 676.000000 -187.000000 100.000000 100.000000 0.000000 
1 1 1060.000000 -91.000000 100.000000 100.000000 0.000000 
1 1 1156.000000 101.000000 100.000000 100.000000 0.000000 
1 1 1156.000000 389.000000 100.000000 100.000000 0.000000 
1 1 -284.000000 677.000000 100.000000 100.000000 0.000000 
1 1 -284.000000 773.000000 100.000000 100.000000 0.000000 
4 1 1156.000000 29.000000 100.000000 100.000000 90.000000 
1 1 1156.000000 -91.000000 100.000000 100.000000 0.000000 
1 1 1252.000000 -91.000000 100.000000 100.000000 0.000000 
1 1 1156.000000 485.000000 100.000000 100.000000 0.000000 
5 3 196.000000 203.000000 50.000000 50.000000 30.000000 
5 3 194.000000 -187.000000 50.000000 50.000000 30.000000 
1 1 101.000000 -186.000000 100.000000 100.000000 0.000000 
1 1 101.000000 -90.000000 100.000000 100.000000 0.000000 
1 1 292.000000 -283.000000 100.000000 100.000000 0.000000 
1 3 292.000000 -187.000000 100.000000 100.000000 0.000000 
4 1 1252.751099 29.000000 100.000000 100.000000 -90.000000 
1 0 1924.000000 -91.000000 100.000000 100.000000 0.000000 
1 1 1348.000000 -91.000000 100.000000 100.000000 0.000000 
1 1 -284.000000 869.000000 100.000000 100.000000 0.000000 
1 1 -284.000000 965.000000 100.000000 100.000000 0.000000 
1 0 1540.000000 -91.000000 100.000000 100.000000 0.000000 
4 1 1349.751099 29.000000 100.000000 100.000000 -90.000000 
1 1 1444.000000 -91.000000 100.000000 100.000000 0.000000 
5 3 1253.751099 99.000000 50.000000 50.000000 30.000000 
1 1 1732.000000 -91.000000 100.000000 100.000000 0.000000 
1 1 1540.000000 -91.000000 100.000000 100.000000 0.000000 
1 1 1540.000000 -187.000000 100.000000 100.000000 0.000000 
1 1 1540.000000 -283.000000 100.000000 100.000000 0.000000 
1 1 1636.000000 -283.000000 100.000000 100.000000 0.000000 
1 1 1732.000000 -283.000000 100.000000 100.000000 0.000000 
1 1 1828.000000 -283.000000 100.000000 100.000000 0.000000 
1 1 1924.000000 -187.000000 100.000000 100.000000 0.000000 
1 1 1732.000000 5.000000 100.000000 100.000000 0.000000 
1 1 2116.000000 5.000000 100.000000 100.000000 0.000000 
1 1 1924.000000 -283.000000 100.000000 100.000000 0.000000 
1 1 2020.000000 -283.000000 100.000000 100.000000 0.000000 
1 1 2116.000000 -283.000000 100.000000 100.000000 0.000000 
1 1 1732.000000 101.000000 100.000000 100.000000 0.000000 
1 1 1732.000000 197.000000 100.000000 100.000000 0.000000 
1 1 1924.000000 -91.000000 100.000000 100.000000 0.000000 
1 1 1156.000000 197.000000 100.000000 100.000000 0.000000 
1 1 1156.000000 293.000000 100.000000 100.000000 0.000000 
1 1 1252.000000 293.000000 100.000000 100.000000 0.000000 
1 1 1348.000000 293.000000 100.000000 100.000000 0.000000 
1 1 1444.000000 293.000000 100.000000 100.000000 0.000000 
1 1 1540.000000 293.000000 100.000000 100.000000 0.000000 
1 1 1732.000000 293.000000 100.000000 100.000000 0.000000 
1 1 2212.000000 -283.000000 100.000000 100.000000 0.000000 
1 1 2116.000000 -91.000000 100.000000 100.000000 0.000000 
1 1 2212.000000 -91.000000 100.000000 100.000000 0.000000 
1 1 2212.000000 5.000000 100.000000 100.000000 0.000000 
1 1 2404.000000 -283.000000 100.000000 100.000000 0.000000 
1 1 2404.000000 -187.000000 100.000000 100.000000 0.000000 
1 1 2404.000000 -91.000000 100.000000 100.000000 0.000000 
1 4 2308.000000 -283.000000 100.000000 100.000000 0.000000 
1 1 2404.000000 5.000000 100.000000 100.000000 0.000000 
1 1 2500.000000 -187.000000 100.000000 100.000000 0.000000 
1 1 2500.000000 -283.000000 100.000000 100.000000 0.000000 
2 1 2117.000000 101.000000 100.000000 100.000000 90.000000 
1 1 1156.000000 581.000000 100.000000 100.000000 0.000000 
1 1 1251.977539 580.852051 100.000000 100.000000 0.000000 
1 1 1251.977539 388.852051 100.000000 100.000000 0.000000 
1 1 1251.977539 484.852051 100.000000 100.000000 0.000000 
1 1 1347.977539 484.852051 100.000000 100.000000 0.000000 
1 1 1347.977539 388.852051 100.000000 100.000000 0.000000 
1 1 1443.977539 388.852051 100.000000 100.000000 0.000000 
1 1 1156.000000 677.000000 100.000000 100.000000 0.000000 
1 1 1156.000000 773.000000 100.000000 100.000000 0.000000 
1 1 1156.000000 869.000000 100.000000 100.000000 0.000000 
1 1 1156.000000 965.000000 100.000000 100.000000 0.000000 
1 1 1732.000000 389.000000 100.000000 100.000000 0.000000 
1 1 1636.000000 485.000000 100.000000 100.000000 0.000000 
1 1 1540.000000 581.000000 100.000000 100.000000 0.000000 
1 1 1444.000000 677.000000 100.000000 100.000000 0.000000 
1 1 1348.000000 773.000000 100.000000 100.000000 0.000000 
1 1 1252.000000 869.000000 100.000000 100.000000 0.000000 
1 1 1636.000000 293.000000 100.000000 100.000000 0.000000 
1 1 1636.000000 389.000000 100.000000 100.000000 0.000000 
1 1 1540.000000 389.000000 100.000000 100.000000 0.000000 
1 1 1540.000000 485.000000 100.000000 100.000000 0.000000 
1 1 1444.000000 485.000000 100.000000 100.000000 0.000000 
1 1 1444.000000 581.000000 100.000000 100.000000 0.000000 
1 1 1348.000000 581.000000 100.000000 100.000000 0.000000 
1 1 1348.000000 677.000000 100.000000 100.000000 0.000000 
1 1 1252.000000 677.000000 100.000000 100.000000 0.000000 
1 1 1252.000000 773.000000 100.000000 100.000000 0.000000 
1 1 1924.000000 197.000000 100.000000 100.000000 0.000000 
1 1 2020.000000 197.000000 100.000000 100.000000 0.000000 
1 1 2020.000000 293.000000 100.000000 100.000000 0.000000 
1 1 2020.000000 389.000000 100.000000 100.000000 0.000000 
1 1 2020.000000 485.000000 100.000000 100.000000 0.000000 
1 1 2020.000000 581.000000 100.000000 100.000000 0.000000 
1 1 2020.000000 677.000000 100.000000 100.000000 0.000000 
1 1 2020.000000 773.000000 100.000000 100.000000 0.000000 
1 1 2020.000000 869.000000 100.000000 100.000000 0.000000 
1 1 2020.000000 965.000000 100.000000 100.000000 0.000000 
1 1 2020.000000 1253.000000 100.000000 100.000000 0.000000 
1 1 2020.000000 1061.000000 100.000000 100.000000 0.000000 
1 1 2020.000000 1157.000000 100.000000 100.000000 0.000000 
1 4 2067.362305 150.440552 142.000000 142.000000 -45.000000 
1 1 2500.000000 -91.000000 100.000000 100.000000 0.000000 
1 1 2500.000000 5.000000 100.000000 100.000000 0.000000 
1 1 2596.000000 5.000000 100.000000 100.000000 0.000000 
1 1 2596.000000 101.000000 100.000000 100.000000 0.000000 
1 1 2596.000000 197.000000 100.000000 100.000000 0.000000 
1 1 2596.000000 293.000000 100.000000 100.000000 0.000000 
1 1 2596.000000 389.000000 100.000000 100.000000 0.000000 
1 1 2596.000000 485.000000 100.000000 100.000000 0.000000 
1 1 2596.000000 581.000000 100.000000 100.000000 0.000000 
1 1 2596.000000 677.000000 100.000000 100.000000 0.000000 
1 1 2596.000000 773.000000 100.000000 100.000000 0.000000 
1 4 2544.604004 244.129059 142.000000 142.000000 45.000000 
1 4 2546.213379 54.283325 142.000000 142.000000 45.000000 
1 4 2543.604004 435.449036 142.000000 142.000000 45.000000 
1 4 2544.406250 627.131836 142.000000 142.000000 45.000000 
1 1 2596.000000 869.000000 100.000000 100.000000 0.000000 
1 4 2072.406250 343.131836 142.000000 142.000000 -45.000000 
1 4 2072.406250 532.131836 142.000000 142.000000 -45.000000 
1 4 2072.406250 725.131836 142.000000 142.000000 -45.000000 
1 4 2546.406250 818.131836 142.000000 142.000000 45.000000 
1 4 2072.406250 918.131836 142.000000 142.000000 -45.000000 
1 1 3076.000000 1061.000000 100.000000 100.000000 0.000000 
1 1 2692.000000 869.000000 100.000000 100.000000 0.000000 
1 1 2692.000000 773.000000 100.000000 100.000000 0.000000 
1 1 2788.000000 677.000000 100.000000 100.000000 0.000000 
1 1 2884.000000 677.000000 100.000000 100.000000 0.000000 
1 1 2980.000000 677.000000 100.000000 100.000000 0.000000 
1 1 2981.278809 966.175781 100.000000 100.000000 0.000000 
2 1 3172.000000 1061.000000 100.000000 100.000000 -90.000000 
1 3 3125.237793 918.175781 140.000000 140.000000 45.000000 
2 1 2981.278809 870.175781 100.000000 100.000000 -90.000000 
2 4 3077.000000 772.000000 100.000000 100.000000 90.000000 
1 1 2884.278809 966.175720 100.000000 100.000000 0.000000 
1 1 2884.278809 870.175720 100.000000 100.000000 0.000000 
1 1 3365.000000 868.000000 100.000000 100.000000 0.000000 
1 1 3365.000000 964.000000 100.000000 100.000000 0.000000 
1 1 3365.000000 1156.000000 100.000000 100.000000 0.000000 
2 1 3077.278809 966.175781 100.000000 100.000000 -90.000000 
2 4 3173.000000 868.000000 100.000000 100.000000 90.000000 
2 4 3269.000000 964.000000 100.000000 100.000000 90.000000 
1 1 3365.000000 1060.000000 100.000000 100.000000 0.000000 
1 3 3269.000000 1252.000000 100.000000 100.000000 0.000000 
1 1 3269.000000 868.000000 100.000000 100.000000 0.000000 
1 1 3173.000000 772.000000 100.000000 100.000000 0.000000 
1 1 3077.000000 676.000000 100.000000 100.000000 0.000000 
1 1 3173.000000 676.000000 100.000000 100.000000 0.000000 
1 1 3269.000000 772.000000 100.000000 100.000000 0.000000 
1 1 3365.000000 772.000000 100.000000 100.000000 0.000000 
1 1 3365.000000 676.000000 100.000000 100.000000 0.000000 
1 1 3269.000000 676.000000 100.000000 100.000000 0.000000 
5 3 2309.806641 795.080811 50.000000 50.000000 30.000000 
5 3 2313.806641 404.080841 50.000000 50.000000 30.000000 
5 3 1925.727783 82.000000 50.000000 50.000000 30.000000 
1 1 3076.000000 1157.000000 100.000000 100.000000 0.000000 
1 1 3461.000000 1156.000000 100.000000 100.000000 0.000000 
1 1 3461.000000 1060.000000 100.000000 100.000000 0.000000 
1 1 3461.000000 964.000000 100.000000 100.000000 0.000000 
1 1 3461.000000 868.000000 100.000000 100.000000 0.000000 
1 1 3461.000000 772.000000 100.000000 100.000000 0.000000 
1 1 3461.000000 676.000000 100.000000 100.000000 0.000000 
5 3 3223.914795 1014.057251 50.000000 50.000000 30.000000 
1 1 3172.000000 1157.000000 100.000000 100.000000 0.000000 
1 1 2981.278809 1062.175781 100.000000 100.000000 0.000000 
1 1 3172.000000 1253.000000 100.000000 100.000000 0.000000 
5 3 2921.278809 1245.175781 50.000000 50.000000 30.000000 
1 1 3365.000000 1252.000000 100.000000 100.000000 0.000000 
1 1 3461.000000 1252.000000 100.000000 100.000000 0.000000 
1 1 3557.000000 1252.000000 100.000000 100.000000 0.000000 
1 1 3557.000000 1444.000000 100.000000 100.000000 0.000000 
1 1 3557.000000 1540.000000 100.000000 100.000000 0.000000 
1 1 3557.000000 1636.000000 100.000000 100.000000 0.000000 
1 1 3557.000000 1732.000000 100.000000 100.000000 0.000000 
1 1 3557.000000 1828.000000 100.000000 100.000000 0.000000 
1 1 3557.000000 1924.000000 100.000000 100.000000 0.000000 
1 1 3557.000000 2020.000000 100.000000 100.000000 0.000000 
1 1 3557.000000 2116.000000 100.000000 100.000000 0.000000 
1 1 3557.000000 1348.000000 100.000000 100.000000 0.000000 
1 1 3461.000000 1348.000000 100.000000 100.000000 0.000000 
4 1 3484.930908 1441.559692 97.000000 97.000000 0.000000 
4 1 3362.707520 1531.205322 97.000000 97.000000 90.000000 
4 1 3171.707520 1587.205322 97.000000 97.000000 90.000000 
4 1 2986.707520 1649.205322 97.000000 97.000000 90.000000 
4 1 2800.707520 1649.205322 97.000000 97.000000 90.000000 
4 1 2620.707520 1650.205322 97.000000 97.000000 90.000000 
4 1 2438.707520 1650.205322 97.000000 97.000000 90.000000 
4 1 2268.707520 1651.205322 97.000000 97.000000 90.000000 
5 3 2267.707520 1762.205322 50.000000 50.000000 90.000000 
1 1 1828.000000 197.000000 100.000000 100.000000 0.000000 
1 1 1828.000000 293.000000 100.000000 100.000000 0.000000 
1 0 1732.000000 293.000000 100.000000 100.000000 0.000000 
1 1 -284.000000 581.000000 100.000000 100.000000 0.000000 
5 1 -42.000000 559.000000 100.000000 100.000000 0.000000 
1 1 -284.000000 485.000000 100.000000 100.000000 0.000000 
1 1 2692.000000 677.000000 100.000000 100.000000 0.000000 
1 1 2693.000000 581.000000 100.000000 100.000000 0.000000 
0 0 3118.000000 261.000000 100.000000 100.000000 0.000000 
