0.000000 0.000000 
3 
1 1 5.000000 -234.000000 100.000000 100.000000 0.000000 
0 0 293.000000 54.000000 100.000000 100.000000 0.000000 
0 0 293.000000 54.000000 100.000000 100.000000 0.000000 
1 0 -728.246887 92.372070 100.000000 100.000000 0.000000 
1 1 -922.000000 32.000000 100.000000 100.000000 0.000000 
1 1 -826.000000 32.000000 100.000000 100.000000 0.000000 
1 1 -1018.000000 32.000000 100.000000 100.000000 0.000000 
4 1 -716.807861 1004.096985 131.000000 131.000000 90.000000 
4 1 -590.807861 1004.096985 131.000000 131.000000 90.000000 
5 3 -1173.944458 525.923584 50.000000 50.000000 30.000000 
5 3 -775.944458 528.923584 50.000000 50.000000 30.000000 
1 1 -1114.000000 32.000000 100.000000 100.000000 0.000000 
1 1 -1210.000000 32.000000 100.000000 100.000000 0.000000 
1 1 -1306.000000 32.000000 100.000000 100.000000 0.000000 
1 1 -1402.000000 32.000000 100.000000 100.000000 0.000000 
1 1 -1498.000000 32.000000 100.000000 100.000000 0.000000 
1 1 -1594.000000 32.000000 100.000000 100.000000 0.000000 
1 1 -1690.000000 32.000000 100.000000 100.000000 0.000000 
1 1 -1690.000000 128.000000 100.000000 100.000000 0.000000 
1 1 -1690.000000 224.000000 100.000000 100.000000 0.000000 
1 1 -1690.000000 320.000000 100.000000 100.000000 0.000000 
1 1 -1690.000000 416.000000 100.000000 100.000000 0.000000 
1 1 -1690.000000 512.000000 100.000000 100.000000 0.000000 
1 1 -1690.000000 608.000000 100.000000 100.000000 0.000000 
1 1 -1690.000000 704.000000 100.000000 100.000000 0.000000 
1 1 -1690.000000 800.000000 100.000000 100.000000 0.000000 
1 1 -1690.000000 896.000000 100.000000 100.000000 0.000000 
1 1 -1690.000000 992.000000 100.000000 100.000000 0.000000 
4 1 -842.807861 1004.096985 131.000000 131.000000 90.000000 
4 1 -1704.785034 1265.301758 131.000000 131.000000 90.000000 
5 2 -1693.360474 1430.123047 118.000000 118.000000 0.000000 
1 4 -2238.360840 1206.204956 118.000000 118.000000 0.000000 
1 4 -2353.360352 1321.595703 118.000000 118.000000 0.000000 
1 4 -2467.360840 1436.189087 118.000000 118.000000 0.000000 
5 3 -2440.222168 2598.320068 50.000000 50.000000 30.000000 
1 1 -1690.000000 1088.000000 100.000000 100.000000 0.000000 
1 1 -1686.360962 1694.189087 100.000000 100.000000 0.000000 
1 1 -1686.360962 1790.189087 100.000000 100.000000 0.000000 
1 1 -1686.360962 1886.189087 100.000000 100.000000 0.000000 
1 1 -1686.360962 1982.189087 100.000000 100.000000 0.000000 
1 1 -1686.360962 2078.188965 100.000000 100.000000 0.000000 
1 1 -1686.360962 2174.188965 100.000000 100.000000 0.000000 
1 1 -1686.360962 2270.188965 100.000000 100.000000 0.000000 
1 1 -1686.360962 2366.188965 100.000000 100.000000 0.000000 
1 1 -1686.360962 2462.188965 100.000000 100.000000 0.000000 
1 1 -1686.360962 2558.188965 100.000000 100.000000 0.000000 
1 1 -1686.360962 2654.188965 100.000000 100.000000 0.000000 
1 1 -1686.360962 2750.188965 100.000000 100.000000 0.000000 
1 1 -1686.360962 2846.188965 100.000000 100.000000 0.000000 
1 1 -1686.360962 2942.188965 100.000000 100.000000 0.000000 
5 3 -2439.222168 2680.320068 50.000000 50.000000 30.000000 
5 3 -2439.222168 2758.320068 50.000000 50.000000 30.000000 
1 1 -1690.000000 1184.000000 100.000000 100.000000 0.000000 
1 4 -1766.360474 1149.123047 128.000000 128.000000 45.000000 
1 1 -1592.720093 1251.059937 100.000000 100.000000 0.000000 
1 1 -1369.985352 1422.085449 72.000000 72.000000 0.000000 
4 1 -1146.840088 1420.059937 131.000000 131.000000 90.000000 
4 1 -1018.960083 1420.059937 131.000000 131.000000 90.000000 
4 1 -893.080139 1421.059937 131.000000 131.000000 90.000000 
4 1 -766.537170 1420.600830 131.000000 131.000000 90.000000 
5 3 -972.785767 2351.390137 50.000000 50.000000 30.000000 
4 1 -639.657166 1421.600830 131.000000 131.000000 90.000000 
4 1 -475.629517 2176.181152 131.000000 131.000000 90.000000 
1 1 -85.704712 1342.707520 100.000000 100.000000 0.000000 
1 1 -85.704712 1438.707520 100.000000 100.000000 0.000000 
1 1 -85.704712 1534.707520 100.000000 100.000000 0.000000 
1 1 -85.704712 1630.707520 100.000000 100.000000 0.000000 
1 1 -85.704712 1726.707520 100.000000 100.000000 0.000000 
1 1 -85.704712 1822.707520 100.000000 100.000000 0.000000 
1 1 -85.704712 1918.707520 100.000000 100.000000 0.000000 
1 1 -85.704712 2014.707520 100.000000 100.000000 0.000000 
1 1 -85.704712 2110.707520 100.000000 100.000000 0.000000 
1 1 -85.704712 2398.707520 100.000000 100.000000 0.000000 
1 1 -85.704712 2494.707520 100.000000 100.000000 0.000000 
1 1 -85.704712 2590.707520 100.000000 100.000000 0.000000 
1 1 -85.704712 2686.707520 100.000000 100.000000 0.000000 
1 1 -85.704712 2782.707520 100.000000 100.000000 0.000000 
1 1 -85.704712 2878.707520 100.000000 100.000000 0.000000 
1 1 -85.704712 1246.707520 100.000000 100.000000 0.000000 
1 1 106.295288 1342.707520 100.000000 100.000000 0.000000 
1 1 106.295288 1438.707520 100.000000 100.000000 0.000000 
1 1 106.295288 1534.707520 100.000000 100.000000 0.000000 
1 1 106.295288 1630.707520 100.000000 100.000000 0.000000 
1 1 106.295288 1726.707520 100.000000 100.000000 0.000000 
1 1 106.295288 1246.707520 100.000000 100.000000 0.000000 
1 1 106.295288 1822.707520 100.000000 100.000000 0.000000 
1 1 106.295288 1918.707520 100.000000 100.000000 0.000000 
1 1 106.295288 2398.707520 100.000000 100.000000 0.000000 
1 1 106.295288 2494.707520 100.000000 100.000000 0.000000 
1 1 106.295288 2590.707520 100.000000 100.000000 0.000000 
1 1 106.295288 2686.707520 100.000000 100.000000 0.000000 
1 1 106.295288 2782.707520 100.000000 100.000000 0.000000 
5 3 10.295288 2779.707520 50.000000 50.000000 30.000000 
5 3 9.295288 2134.707520 50.000000 50.000000 30.000000 
5 3 7.295288 1467.707520 50.000000 50.000000 30.000000 
2 1 -1072.918701 1720.163452 131.000000 131.000000 90.000000 
4 1 -1072.918701 1624.403442 131.000000 131.000000 90.000000 
2 1 -875.918701 1904.163452 131.000000 131.000000 90.000000 
4 1 -875.918701 1811.403442 131.000000 131.000000 90.000000 
2 1 -686.398987 2073.365234 131.000000 131.000000 90.000000 
4 1 -686.398987 1979.605225 131.000000 131.000000 90.000000 
1 1 -85.704712 2302.707520 100.000000 100.000000 0.000000 
1 1 -85.704712 2206.707520 100.000000 100.000000 0.000000 
4 1 -348.704712 2176.707520 131.000000 131.000000 90.000000 
5 3 -1274.785767 1978.390137 50.000000 50.000000 30.000000 
4 1 -291.013672 2547.992920 131.000000 131.000000 90.000000 
4 1 -543.758423 2547.805908 131.000000 131.000000 90.000000 
4 1 -512.777161 1421.600830 131.000000 131.000000 90.000000 
4 1 -386.758423 1421.805908 131.000000 131.000000 90.000000 
4 1 -259.758423 1421.805908 131.000000 131.000000 90.000000 
2 1 -1273.219116 1517.263672 131.000000 131.000000 90.000000 
4 1 -1272.720093 1420.059937 131.000000 131.000000 90.000000 
4 1 -418.173706 2547.992920 131.000000 131.000000 90.000000 
4 1 -417.758423 2613.805908 131.000000 131.000000 90.000000 
4 1 -544.758423 2613.805908 131.000000 131.000000 90.000000 
1 0 -181.704712 2974.707520 100.000000 100.000000 0.000000 
1 1 -86.704712 2974.707520 100.000000 100.000000 0.000000 
1 0 -182.704712 2974.707520 100.000000 100.000000 0.000000 
1 1 -187.000000 -141.000000 100.000000 100.000000 0.000000 
1 1 -283.000000 -141.000000 100.000000 100.000000 0.000000 
1 1 -379.000000 -141.000000 100.000000 100.000000 0.000000 
1 1 -653.429199 -67.726929 100.000000 100.000000 0.000000 
1 1 -556.000000 -68.000000 100.000000 100.000000 0.000000 
4 1 -1269.211060 641.123901 131.000000 131.000000 90.000000 
4 1 -1142.307007 640.969727 131.000000 131.000000 90.000000 
4 1 -897.211060 432.123901 131.000000 131.000000 90.000000 
4 1 -1023.684814 432.098328 131.000000 131.000000 90.000000 
4 1 -1392.211060 431.123901 131.000000 131.000000 90.000000 
4 1 -1517.893188 430.862244 131.000000 131.000000 90.000000 
4 1 -529.000000 435.000000 131.000000 131.000000 90.000000 
4 1 -402.211060 435.123901 131.000000 131.000000 90.000000 
4 1 -1145.307007 262.969696 131.000000 131.000000 90.000000 
4 1 -1271.211060 263.123901 131.000000 131.000000 90.000000 
4 1 -772.000000 267.000000 131.000000 131.000000 90.000000 
4 1 -645.211060 267.123901 131.000000 131.000000 90.000000 
4 1 -773.307007 644.969727 131.000000 131.000000 90.000000 
4 1 -647.211060 644.123901 131.000000 131.000000 90.000000 
4 1 -1514.629517 839.181152 131.000000 131.000000 90.000000 
4 1 -1389.211060 839.123901 131.000000 131.000000 90.000000 
4 1 -889.211060 842.123901 131.000000 131.000000 90.000000 
4 1 -1014.807861 842.096985 131.000000 131.000000 90.000000 
4 1 -1053.660645 1091.969360 131.000000 131.000000 90.000000 
4 1 -1180.846802 1091.977539 131.000000 131.000000 90.000000 
4 1 -1407.660645 1167.969360 131.000000 131.000000 90.000000 
2 4 -2214.360840 1530.189087 72.000000 72.000000 180.000000 
2 4 -2352.601074 1668.429077 72.000000 72.000000 180.000000 
2 4 -2283.480957 1599.309082 72.000000 72.000000 180.000000 
1 1 -2214.360840 1599.309082 72.000000 72.000000 180.000000 
1 1 -2214.360840 1668.429077 72.000000 72.000000 180.000000 
1 1 -2283.480957 1668.429077 72.000000 72.000000 180.000000 
1 1 -1686.360962 1598.189087 100.000000 100.000000 0.000000 
1 1 -2131.374756 1654.551025 100.000000 100.000000 0.000000 
1 1 -2035.374756 1654.551025 100.000000 100.000000 0.000000 
1 1 -1939.374756 1654.551025 100.000000 100.000000 0.000000 
1 1 -1843.374756 1654.551025 100.000000 100.000000 0.000000 
1 4 -181.704712 2206.707520 100.000000 100.000000 0.000000 
1 4 -762.300598 2661.990723 100.000000 100.000000 0.000000 
4 1 -543.758423 2679.805908 131.000000 131.000000 90.000000 
4 1 -197.300598 3086.990723 131.000000 131.000000 90.000000 
4 1 -643.300598 2960.990723 131.000000 131.000000 90.000000 
4 1 -517.300598 2960.990723 131.000000 131.000000 90.000000 
4 1 -324.300598 3086.990723 131.000000 131.000000 90.000000 
1 1 -1686.360962 3038.188965 100.000000 100.000000 0.000000 
1 1 -1686.360962 3134.188965 100.000000 100.000000 0.000000 
1 1 -85.704712 3070.707520 100.000000 100.000000 0.000000 
2 3 11.923950 3298.786377 109.000000 109.000000 45.000000 
4 3 10.923950 3364.786377 135.000000 135.000000 0.000000 
1 1 -85.704712 1150.707520 100.000000 100.000000 0.000000 
1 1 -85.704712 1054.707520 100.000000 100.000000 0.000000 
1 1 -85.704712 958.707520 100.000000 100.000000 0.000000 
1 1 -85.704712 862.707520 100.000000 100.000000 0.000000 
1 1 -85.704712 766.707520 100.000000 100.000000 0.000000 
1 1 -85.704712 670.707520 100.000000 100.000000 0.000000 
1 1 -85.704712 574.707520 100.000000 100.000000 0.000000 
1 1 106.295288 958.707520 100.000000 100.000000 0.000000 
1 1 106.295288 862.707520 100.000000 100.000000 0.000000 
1 1 106.295288 766.707520 100.000000 100.000000 0.000000 
1 1 106.295288 670.707520 100.000000 100.000000 0.000000 
1 1 106.295288 574.707520 100.000000 100.000000 0.000000 
1 1 106.295288 478.707520 100.000000 100.000000 0.000000 
1 1 -85.704712 478.707520 100.000000 100.000000 0.000000 
1 1 -85.704712 382.707520 100.000000 100.000000 0.000000 
1 1 -85.704712 286.707520 100.000000 100.000000 0.000000 
1 3 10.295288 286.707520 100.000000 100.000000 0.000000 
5 3 10.686096 389.026764 50.000000 50.000000 30.000000 
1 1 101.000000 -234.000000 100.000000 100.000000 0.000000 
1 1 106.295288 286.707520 100.000000 100.000000 0.000000 
1 1 106.295288 382.707520 100.000000 100.000000 0.000000 
1 1 293.000000 -234.000000 100.000000 100.000000 0.000000 
1 1 389.000000 -234.000000 100.000000 100.000000 0.000000 
1 1 485.000000 -234.000000 100.000000 100.000000 0.000000 
1 1 677.000000 -234.000000 100.000000 100.000000 0.000000 
1 1 773.000000 -138.000000 100.000000 100.000000 0.000000 
1 1 581.000000 -234.000000 100.000000 100.000000 0.000000 
1 1 581.000000 -42.000000 100.000000 100.000000 0.000000 
1 1 773.000000 -42.000000 100.000000 100.000000 0.000000 
1 1 773.000000 54.000000 100.000000 100.000000 0.000000 
1 1 485.000000 -42.000000 100.000000 100.000000 0.000000 
1 1 389.000000 -42.000000 100.000000 100.000000 0.000000 
1 1 389.000000 54.000000 100.000000 100.000000 0.000000 
1 1 389.000000 150.000000 100.000000 100.000000 0.000000 
1 1 389.000000 246.000000 100.000000 100.000000 0.000000 
1 1 389.000000 342.000000 100.000000 100.000000 0.000000 
1 1 485.542358 374.489410 100.000000 100.000000 0.000000 
1 1 581.542358 374.489410 100.000000 100.000000 0.000000 
1 1 773.000000 -234.000000 100.000000 100.000000 0.000000 
1 4 869.000000 -234.000000 100.000000 100.000000 0.000000 
1 1 965.000000 -234.000000 100.000000 100.000000 0.000000 
1 4 1061.000000 -234.000000 100.000000 100.000000 0.000000 
1 1 1157.000000 -138.000000 100.000000 100.000000 0.000000 
1 1 1157.000000 -42.000000 100.000000 100.000000 0.000000 
1 1 965.000000 54.000000 100.000000 100.000000 0.000000 
1 1 1157.000000 54.000000 100.000000 100.000000 0.000000 
1 1 965.000000 150.000000 100.000000 100.000000 0.000000 
1 1 773.542358 470.489410 100.000000 100.000000 0.000000 
1 1 869.542358 470.489410 100.000000 100.000000 0.000000 
1 1 965.542358 470.489410 100.000000 100.000000 0.000000 
1 1 1061.542358 470.489410 100.000000 100.000000 0.000000 
1 1 1157.542358 470.489410 100.000000 100.000000 0.000000 
2 1 773.542358 374.489410 100.000000 100.000000 -90.000000 
1 1 1349.000000 342.000000 100.000000 100.000000 0.000000 
1 1 1349.000000 438.000000 100.000000 100.000000 0.000000 
1 1 1349.000000 534.000000 100.000000 100.000000 0.000000 
1 1 1349.000000 630.000000 100.000000 100.000000 0.000000 
1 1 1349.000000 726.000000 100.000000 100.000000 0.000000 
1 1 1253.000000 726.000000 100.000000 100.000000 0.000000 
1 1 1157.000000 726.000000 100.000000 100.000000 0.000000 
1 1 1061.000000 726.000000 100.000000 100.000000 0.000000 
1 1 965.000000 726.000000 100.000000 100.000000 0.000000 
1 1 869.000000 726.000000 100.000000 100.000000 0.000000 
1 1 1157.000000 -234.000000 100.000000 100.000000 0.000000 
1 4 1253.000000 -234.000000 100.000000 100.000000 0.000000 
1 1 1445.000000 -234.000000 100.000000 100.000000 0.000000 
1 1 1349.000000 -234.000000 100.000000 100.000000 0.000000 
1 1 1349.000000 54.000000 100.000000 100.000000 0.000000 
1 1 1541.000000 -234.000000 100.000000 100.000000 0.000000 
1 1 1637.000000 -234.000000 100.000000 100.000000 0.000000 
1 1 1637.000000 -138.000000 100.000000 100.000000 0.000000 
1 1 1636.000000 -43.000000 100.000000 100.000000 0.000000 
1 1 1636.000000 53.000000 100.000000 100.000000 0.000000 
1 1 1636.000000 149.000000 100.000000 100.000000 0.000000 
1 1 1636.000000 245.000000 100.000000 100.000000 0.000000 
1 4 1541.000000 -138.000000 100.000000 100.000000 0.000000 
1 1 1349.000000 150.000000 100.000000 100.000000 0.000000 
1 1 1349.000000 245.000000 100.000000 100.000000 0.000000 
1 4 1445.000000 149.000000 100.000000 100.000000 0.000000 
1 1 1636.000000 341.000000 100.000000 100.000000 0.000000 
1 1 1636.000000 533.000000 100.000000 100.000000 0.000000 
1 1 1636.000000 629.000000 100.000000 100.000000 0.000000 
1 1 1636.000000 437.000000 100.000000 100.000000 0.000000 
1 4 1540.000000 437.000000 100.000000 100.000000 0.000000 
1 1 1636.000000 725.000000 100.000000 100.000000 0.000000 
1 1 1636.000000 821.000000 100.000000 100.000000 0.000000 
1 1 1636.000000 917.000000 100.000000 100.000000 0.000000 
1 1 1540.000000 1013.000000 100.000000 100.000000 0.000000 
1 1 1444.000000 1013.000000 100.000000 100.000000 0.000000 
1 1 1348.000000 1013.000000 100.000000 100.000000 0.000000 
1 1 1156.000000 1013.000000 100.000000 100.000000 0.000000 
1 1 773.000000 726.000000 100.000000 100.000000 0.000000 
1 1 677.000000 726.000000 100.000000 100.000000 0.000000 
1 1 581.000000 470.000000 100.000000 100.000000 0.000000 
1 1 677.542358 374.489410 100.000000 100.000000 0.000000 
1 1 676.824219 470.123901 100.000000 100.000000 0.000000 
1 1 1060.000000 1013.000000 100.000000 100.000000 0.000000 
1 1 581.000000 726.000000 100.000000 100.000000 0.000000 
4 1 581.000000 846.000000 100.000000 100.000000 90.000000 
5 3 965.127686 -94.581070 50.000000 50.000000 30.000000 
4 1 1252.000000 222.000000 100.000000 100.000000 90.000000 
4 1 1155.265869 222.099625 100.000000 100.000000 90.000000 
4 1 1058.265869 223.099625 100.000000 100.000000 90.000000 
4 1 965.265869 223.099625 100.000000 100.000000 90.000000 
1 1 590.000000 620.000000 119.000000 119.000000 0.000000 
1 1 581.000000 1014.000000 100.000000 100.000000 0.000000 
1 1 485.000000 1110.000000 100.000000 100.000000 0.000000 
1 1 389.000000 1110.000000 100.000000 100.000000 0.000000 
1 1 293.000000 1110.000000 100.000000 100.000000 0.000000 
1 1 197.000000 1110.000000 100.000000 100.000000 0.000000 
1 1 106.295288 1150.707520 100.000000 100.000000 0.000000 
1 1 106.295288 1054.707520 100.000000 100.000000 0.000000 
1 1 1636.000000 1013.000000 100.000000 100.000000 0.000000 
1 1 1252.000000 1013.000000 100.000000 100.000000 0.000000 
1 1 1252.000000 1109.000000 100.000000 100.000000 0.000000 
1 1 581.000000 1110.000000 100.000000 100.000000 0.000000 
1 1 581.000000 1206.000000 100.000000 100.000000 0.000000 
1 1 581.000000 1302.000000 100.000000 100.000000 0.000000 
1 1 581.000000 1398.000000 100.000000 100.000000 0.000000 
1 1 581.000000 1494.000000 100.000000 100.000000 0.000000 
1 1 1252.000000 1301.000000 100.000000 100.000000 0.000000 
1 1 1252.000000 1493.000000 100.000000 100.000000 0.000000 
1 1 1252.000000 1589.000000 100.000000 100.000000 0.000000 
1 1 581.000000 1590.000000 100.000000 100.000000 0.000000 
1 1 581.000000 1686.000000 100.000000 100.000000 0.000000 
1 1 581.000000 1878.000000 100.000000 100.000000 0.000000 
1 1 581.000000 1974.000000 100.000000 100.000000 0.000000 
1 1 1252.000000 1685.000000 100.000000 100.000000 0.000000 
1 1 1252.000000 1877.000000 100.000000 100.000000 0.000000 
1 1 1252.000000 1973.000000 100.000000 100.000000 0.000000 
1 1 707.235596 164.457977 130.000000 130.000000 0.000000 
1 1 582.435608 164.457977 130.000000 130.000000 0.000000 
1 1 1252.000000 1205.000000 100.000000 100.000000 0.000000 
5 2 662.712952 1407.207153 100.000000 100.000000 0.000000 
5 2 710.712952 1407.207153 100.000000 100.000000 0.000000 
5 2 758.712952 1407.207153 100.000000 100.000000 0.000000 
5 2 806.712952 1407.207153 100.000000 100.000000 0.000000 
5 2 854.712952 1407.207153 100.000000 100.000000 0.000000 
5 2 902.712952 1407.207153 100.000000 100.000000 0.000000 
5 2 950.712952 1407.207153 100.000000 100.000000 0.000000 
5 2 998.712952 1407.207153 100.000000 100.000000 0.000000 
5 2 1046.712891 1407.207153 100.000000 100.000000 0.000000 
5 2 1094.712891 1407.207153 100.000000 100.000000 0.000000 
5 2 1142.712891 1407.207153 100.000000 100.000000 0.000000 
5 2 1190.712891 1407.207153 100.000000 100.000000 0.000000 
1 1 1252.000000 1397.000000 100.000000 100.000000 0.000000 
5 2 655.712952 1816.207153 100.000000 100.000000 0.000000 
5 2 703.712952 1816.207153 100.000000 100.000000 0.000000 
5 2 751.712952 1816.207153 100.000000 100.000000 0.000000 
5 2 799.712952 1816.207153 100.000000 100.000000 0.000000 
5 2 847.712952 1816.207153 100.000000 100.000000 0.000000 
5 2 895.712952 1816.207153 100.000000 100.000000 0.000000 
5 2 943.712952 1816.207153 100.000000 100.000000 0.000000 
5 2 991.712952 1816.207153 100.000000 100.000000 0.000000 
5 2 1039.712891 1816.207153 100.000000 100.000000 0.000000 
5 2 1087.712891 1816.207153 100.000000 100.000000 0.000000 
5 2 1135.712891 1816.207153 100.000000 100.000000 0.000000 
5 2 1183.712891 1816.207153 100.000000 100.000000 0.000000 
1 1 1252.000000 1781.000000 100.000000 100.000000 0.000000 
1 1 581.000000 1782.000000 100.000000 100.000000 0.000000 
1 1 1060.000000 2069.000000 100.000000 100.000000 0.000000 
1 1 773.000000 2070.000000 100.000000 100.000000 0.000000 
4 1 845.578674 2069.817139 100.000000 100.000000 0.000000 
4 1 987.578674 2068.817139 100.000000 100.000000 0.000000 
1 1 581.000000 918.000000 100.000000 100.000000 0.000000 
1 1 964.000000 1013.000000 100.000000 100.000000 0.000000 
1 1 868.000000 917.000000 100.000000 100.000000 0.000000 
1 1 677.000000 918.000000 100.000000 100.000000 0.000000 
1 1 677.000000 1014.000000 100.000000 100.000000 0.000000 
1 1 106.295288 3070.707520 100.000000 100.000000 0.000000 
1 1 581.000000 2070.000000 100.000000 100.000000 0.000000 
1 1 485.000000 2070.000000 100.000000 100.000000 0.000000 
1 1 389.000000 2070.000000 100.000000 100.000000 0.000000 
1 1 1252.000000 2069.000000 100.000000 100.000000 0.000000 
1 1 1348.000000 2549.000000 100.000000 100.000000 0.000000 
1 1 1252.000000 2549.000000 100.000000 100.000000 0.000000 
1 1 1156.000000 2549.000000 100.000000 100.000000 0.000000 
1 1 1060.000000 2549.000000 100.000000 100.000000 0.000000 
1 1 964.000000 2549.000000 100.000000 100.000000 0.000000 
1 1 868.000000 2549.000000 100.000000 100.000000 0.000000 
1 1 676.000000 2549.000000 100.000000 100.000000 0.000000 
1 1 580.000000 2549.000000 100.000000 100.000000 0.000000 
1 1 484.000000 2549.000000 100.000000 100.000000 0.000000 
1 1 388.000000 2549.000000 100.000000 100.000000 0.000000 
5 2 538.344238 2165.960205 100.000000 100.000000 0.000000 
1 1 1348.000000 2069.000000 100.000000 100.000000 0.000000 
1 1 1348.000000 2165.000000 100.000000 100.000000 0.000000 
1 1 1348.000000 2261.000000 100.000000 100.000000 0.000000 
1 1 1348.000000 2357.000000 100.000000 100.000000 0.000000 
1 1 1348.000000 2453.000000 100.000000 100.000000 0.000000 
1 1 106.295288 2014.707520 100.000000 100.000000 0.000000 
2 1 227.292908 2197.124023 172.000000 172.000000 0.000000 
1 1 293.000000 2070.000000 100.000000 100.000000 0.000000 
1 1 197.000000 2070.000000 100.000000 100.000000 0.000000 
1 1 106.295288 2110.707520 100.000000 100.000000 0.000000 
1 1 106.295288 2206.707520 100.000000 100.000000 0.000000 
1 1 106.295288 2302.707520 100.000000 100.000000 0.000000 
5 3 199.515503 2549.291260 50.000000 50.000000 30.000000 
1 1 106.295288 2878.707520 100.000000 100.000000 0.000000 
1 1 292.000000 2549.000000 100.000000 100.000000 0.000000 
2 4 299.515503 2975.291260 100.000000 100.000000 0.000000 
2 4 395.515503 2879.291260 100.000000 100.000000 0.000000 
1 1 106.295288 2974.707520 100.000000 100.000000 0.000000 
1 1 202.295288 2974.707520 100.000000 100.000000 0.000000 
1 1 202.295288 2878.707520 100.000000 100.000000 0.000000 
1 1 298.295288 2878.707520 100.000000 100.000000 0.000000 
1 1 298.295288 2782.707520 100.000000 100.000000 0.000000 
1 1 202.295288 2782.707520 100.000000 100.000000 0.000000 
1 1 394.295288 2782.707520 100.000000 100.000000 0.000000 
1 1 490.295288 2782.707520 100.000000 100.000000 0.000000 
1 1 586.295288 2782.707520 100.000000 100.000000 0.000000 
1 1 772.000000 2549.000000 100.000000 100.000000 0.000000 
1 1 772.000000 2645.000000 100.000000 100.000000 0.000000 
1 1 772.000000 2741.000000 100.000000 100.000000 0.000000 
1 1 772.000000 2837.000000 100.000000 100.000000 0.000000 
2 4 203.515503 3071.291260 100.000000 100.000000 0.000000 
1 1 772.000000 2933.000000 100.000000 100.000000 0.000000 
1 1 772.000000 3029.000000 100.000000 100.000000 0.000000 
1 1 676.000000 3029.000000 100.000000 100.000000 0.000000 
2 1 292.366364 3222.189697 100.000000 100.000000 180.000000 
2 1 388.366364 3125.189697 100.000000 100.000000 180.000000 
2 1 484.366364 3029.189697 100.000000 100.000000 180.000000 
1 1 580.000000 3029.000000 100.000000 100.000000 0.000000 
1 1 484.000000 3125.000000 100.000000 100.000000 0.000000 
1 1 484.000000 3221.000000 100.000000 100.000000 0.000000 
1 1 580.000000 3221.000000 100.000000 100.000000 0.000000 
1 1 580.000000 3125.000000 100.000000 100.000000 0.000000 
1 1 676.000000 3125.000000 100.000000 100.000000 0.000000 
1 1 676.000000 3221.000000 100.000000 100.000000 0.000000 
1 1 772.000000 3125.000000 100.000000 100.000000 0.000000 
1 1 388.000000 3221.000000 100.000000 100.000000 0.000000 
1 1 388.000000 3317.000000 100.000000 100.000000 0.000000 
1 1 484.000000 3317.000000 100.000000 100.000000 0.000000 
1 1 580.000000 3317.000000 100.000000 100.000000 0.000000 
1 1 676.000000 3317.000000 100.000000 100.000000 0.000000 
1 1 772.000000 3221.000000 100.000000 100.000000 0.000000 
1 1 772.000000 3317.000000 100.000000 100.000000 0.000000 
1 1 772.000000 3413.000000 100.000000 100.000000 0.000000 
1 1 772.000000 3509.000000 100.000000 100.000000 0.000000 
1 1 772.000000 3605.000000 100.000000 100.000000 0.000000 
1 1 772.000000 3701.000000 100.000000 100.000000 0.000000 
1 1 772.000000 3797.000000 100.000000 100.000000 0.000000 
1 1 772.000000 3893.000000 100.000000 100.000000 0.000000 
1 1 772.000000 3989.000000 100.000000 100.000000 0.000000 
1 1 772.000000 4085.000000 100.000000 100.000000 0.000000 
1 1 772.000000 4181.000000 100.000000 100.000000 0.000000 
1 1 772.000000 4277.000000 100.000000 100.000000 0.000000 
1 1 772.000000 4373.000000 100.000000 100.000000 0.000000 
1 1 772.000000 4469.000000 100.000000 100.000000 0.000000 
1 1 772.000000 4565.000000 100.000000 100.000000 0.000000 
1 1 772.000000 4661.000000 100.000000 100.000000 0.000000 
1 1 772.000000 4757.000000 100.000000 100.000000 0.000000 
1 1 772.000000 4853.000000 100.000000 100.000000 0.000000 
1 1 772.000000 4949.000000 100.000000 100.000000 0.000000 
1 1 772.000000 5045.000000 100.000000 100.000000 0.000000 
1 1 772.000000 5141.000000 100.000000 100.000000 0.000000 
1 1 772.000000 5237.000000 100.000000 100.000000 0.000000 
1 1 772.000000 5333.000000 100.000000 100.000000 0.000000 
1 1 772.000000 5429.000000 100.000000 100.000000 0.000000 
1 1 772.000000 5525.000000 100.000000 100.000000 0.000000 
1 1 772.000000 5621.000000 100.000000 100.000000 0.000000 
1 1 772.000000 5717.000000 100.000000 100.000000 0.000000 
1 1 772.000000 5813.000000 100.000000 100.000000 0.000000 
1 1 772.000000 5909.000000 100.000000 100.000000 0.000000 
1 1 772.000000 6005.000000 100.000000 100.000000 0.000000 
1 1 772.000000 6101.000000 100.000000 100.000000 0.000000 
1 1 772.000000 6197.000000 100.000000 100.000000 0.000000 
1 1 -1686.360962 3230.188965 100.000000 100.000000 0.000000 
1 1 -1686.360962 3326.188965 100.000000 100.000000 0.000000 
1 1 -1686.360962 3422.188965 100.000000 100.000000 0.000000 
1 1 -1686.360962 3518.188965 100.000000 100.000000 0.000000 
1 1 -1686.360962 3614.188965 100.000000 100.000000 0.000000 
1 1 -1686.360962 3710.188965 100.000000 100.000000 0.000000 
1 1 -1686.360962 3806.188965 100.000000 100.000000 0.000000 
1 1 -1686.360962 3902.188965 100.000000 100.000000 0.000000 
1 1 -1686.360962 3998.188965 100.000000 100.000000 0.000000 
1 1 -1686.360962 4094.188965 100.000000 100.000000 0.000000 
1 1 -1686.360962 4190.188965 100.000000 100.000000 0.000000 
1 1 -1686.360962 4286.188965 100.000000 100.000000 0.000000 
1 1 -1686.360962 4382.188965 100.000000 100.000000 0.000000 
1 1 -1686.360962 4478.188965 100.000000 100.000000 0.000000 
1 1 -1686.360962 4574.188965 100.000000 100.000000 0.000000 
1 1 -1686.360962 4670.188965 100.000000 100.000000 0.000000 
1 1 -1686.360962 4766.188965 100.000000 100.000000 0.000000 
1 1 -1686.360962 4862.188965 100.000000 100.000000 0.000000 
1 1 -1686.360962 4958.188965 100.000000 100.000000 0.000000 
1 1 -1686.360962 5054.188965 100.000000 100.000000 0.000000 
1 0 -1686.360962 5150.188965 100.000000 100.000000 0.000000 
5 3 724.824219 596.123901 50.000000 50.000000 30.000000 
5 3 323.000000 2278.000000 50.000000 50.000000 30.000000 
5 3 405.000000 2275.000000 50.000000 50.000000 30.000000 
5 3 477.578674 2272.817139 50.000000 50.000000 30.000000 
1 1 197.000000 -234.000000 100.000000 100.000000 0.000000 
1 0 -187.000000 -237.000000 100.000000 100.000000 0.000000 
5 3 814.000000 593.000000 50.000000 50.000000 30.000000 
1 1 -91.000000 -234.000000 100.000000 100.000000 0.000000 
1 0 -187.000000 -234.000000 100.000000 100.000000 0.000000 
5 3 964.149292 879.091675 50.000000 50.000000 30.000000 
5 3 263.000000 3116.000000 50.000000 50.000000 30.000000 
1 1 292.000000 3317.000000 100.000000 100.000000 0.000000 
1 1 388.000000 3317.000000 100.000000 100.000000 0.000000 
0 0 901.000000 2910.000000 100.000000 100.000000 0.000000 
